8
20
29
16
19
18
4
24
11
25
22
26
23
5
14
9
13
17
2
7
27
1
28
3
15
6
12
10
31
34
33
38
35
40
39
37
41
42
32
47
36
50
45
46
49
43
51
52
44
53
54
55
56
57
58
48
59
60
61
62
64
65
67
63
66
68
70
73
74
75
77
69
72
78
79
82
71
81
83
85
76
80
86
84
91
87
88
90
94
93
95
96
89
92
99
101
100
97
102
98
104
105
106
108
107
103
110
111
112
113
109
114
116
115
119
117
121
118
122
124
120
125
127
123
126
128
129
130
131
133
132
135
136
138
137
140
134
141
139
142
143
146
144
147
148
149
145
151
150
152
155
153
157
154
159
156
161
158
162
160
163
164
165
166
167
169
170
168
171
172
173
174
175
176
177
179
178
180
182
181
186
185
187
190
183
191
189
184
192
188
195
193
194
198
196
197
199
200
201
203
205
204
206
207
202
209
21
211
208
212
210
213
30
214
215
216
217
218
219
221
220
223
225
222
226
224
227
228
229
230
231
232
233
235
234
237
236
239
240
241
243
238
245
244
242
248
247
252
249
246
251
253
254
255
256
257
258
250
259
260
262
263
264
261
265
266
267
270
269
273
268
271
272
274
275
278
281
280
276
282
277
284
285
279
286
287
288
289
283
290
291
292
293
294
295
296
297
298
299
300
304
305
302
306
303
301
308
309
311
307
312
314
316
318
310
313
315
319
321
317
322
320
323
324
325
327
329
326
328
331
332
330
333
334
335
336
337
339
338
342
340
341
343
344
346
347
349
345
348
350
351
354
352
353
355
356
357
358
360
359
361
362
363
364
366
368
370
369
372
373
367
365
374
375
371
376
377
378
379
380
381
383
382
386
384
385
388
387
389
390
393
394
392
391
396
397
395
399
401
398
402
400
403
406
407
404
405
409
410
412
411
413
408
415
414
416
417
420
419
418
422
421
423
426
427
429
428
431
425
432
433
424
430
435
436
437
439
438
434
440
441
443
444
442
445
446
447
448
449
452
450
451
453
454
455
456
458
460
457
459
461
463
462
464
465
466
469
467
470
468
471
472
474
473
475
477
476
478
479
480
481
484
485
482
483
487
491
486
490
492
493
494
488
499
496
497
498
500
495
489
502
503
506
505
501
504
507
508
510
511
509
512
515
514
513
516
520
521
522
523
517
524
518
519
530
526
528
525
527
529
533
531
536
537
532
538
535
534
539
540
541
542
544
545
543
548
546
550
547
549
551
553
555
552
557
558
560
559
556
554
562
563
564
566
561
567
565
568
570
569
571
572
573
574
576
578
577
581
579
575
584
580
583
586
585
588
582
589
590
591
587
593
594
592
596
595
597
598
599
600
603
604
601
605
602
606
607
608
609
611
610
612
617
616
621
618
620
613
619
614
615
624
623
625
628
622
627
626
630
629
632
635
634
633
631
637
639
636
640
641
642
638
643
644
645
646
650
651
649
648
652
654
653
647
655
656
658
657
659
660
662
663
664
661
665
667
669
666
668
671
672
673
674
675
670
677
678
680
679
676
682
683
685
681
687
684
686
688
689
691
693
692
690
695
698
696
699
700
694
701
702
697
704
705
706
703
707
708
709
710
711
713
714
715
712
717
718
719
716
722
724
726
727
725
728
723
721
730
732
729
736
734
735
720
731
733
742
738
739
741
740
743
737
744
747
745
746
748
749
750
751
753
752
754
755
757
758
760
756
759
762
761
763
764
766
765
771
769
770
773
772
768
767
777
774
775
778
776
779
780
782
784
781
785
788
787
791
790
793
783
792
795
789
786
797
796
798
799
794
800
805
802
804
806
807
803
801
808
810
809
813
817
815
811
818
812
819
823
822
820
814
824
825
816
821
826
827
829
828
831
830
833
834
835
836
837
832
838
840
839
842
843
844
846
849
853
841
845
850
852
855
851
847
854
857
856
858
848
860
861
862
863
859
864
866
865
867
868
870
869
871
873
872
874
875
876
878
877
879
880
881
882
885
884
886
883
889
888
892
887
895
890
891
898
893
897
894
896
900
899
904
901
903
907
909
911
908
902
912
905
915
916
913
906
917
910
914
920
919
918
921
922
923
924
927
928
925
926
929
930
932
933
934
931
935
939
938
941
937
940
942
936
945
947
946
948
944
950
943
951
952
953
954
949
956
957
958
955
959
961
962
960
963
964
966
968
969
973
970
971
975
965
967
977
974
978
980
972
981
976
982
984
983
979
985
987
988
986
989
990
991
993
992
999
997
998
1000
1001
1003
995
1002
1004
1005
996
1008
1006
994
1007
1011
1010
1009
1013
1014
1015
1016
1012
1017
1018
1019
1020
1023
1022
1021
1026
1027
1025
1028
1031
1029
1024
1033
1032
1035
1039
1038
1034
1030
1036
1041
1040
1043
1042
1045
1046
1044
1037
1048
1047
1049
1050
1052
1051
1056
1057
1054
1059
1055
1061
1060
1053
1063
1064
1062
1065
1067
1066
1058
1068
1070
1069
1071
1074
1073
1075
1076
1072
1077
1079
1080
1078
1081
1082
1083
1084
1087
1086
1089
1090
1093
1092
1094
1095
1085
1096
1097
1098
1088
1100
1099
1104
1102
1091
1106
1105
1101
1107
1103
1109
1110
1108
1111
1112
1114
1116
1113
1119
1115
1120
1121
1126
1123
1117
1124
1125
1129
1127
1130
1118
1131
1122
1133
1132
1128
1134
1137
1135
1136
1139
1140
1138
1141
1142
1143
1144
1146
1145
1147
1148
1149
1152
1151
1153
1154
1150
1155
1156
1157
1158
1162
1160
1161
1163
1166
1164
1165
1159
1167
1168
1169
1171
1170
1172
1173
1174
1177
1175
1178
1179
1181
1176
1180
1184
1183
1188
1186
1182
1187
1191
1189
1185
1190
1192
1193
1195
1194
1198
1196
1197
1199
1200
1202
1201
1204
1203
1207
1205
1206
1208
1211
1212
1213
1215
1209
1217
1210
1218
1214
1220
1223
1221
1216
1222
1225
1219
1226
1224
1228
1227
1230
1229
1231
1234
1233
1232
1237
1235
1240
1236
1238
1239
1242
1244
1243
1241
1246
1248
1247
1245
1249
1251
1253
1255
1250
1257
1252
1258
1254
1259
1256
1260
1261
1262
1265
1263
1264
1266
1267
1269
1272
1270
1273
1275
1268
1274
1277
1276
1271
1278
1280
1279
1281
1282
1283
1285
1287
1284
1288
1289
1286
1291
1290
1292
1293
1294
1295
1296
1297
1298
1299
1300
1302
1304
1303
1305
1306
1308
1307
1301
1310
1309
1311
1314
1313
1312
1316
1318
1319
1315
1317
1320
1321
1323
1324
1322
1326
1328
1327
1325
1330
1332
1333
1329
1337
1340
1336
1331
1338
1339
1341
1342
1334
1335
1344
1346
1343
1345
1347
1348
1349
1350
1351
1353
1352
1354
1355
1356
1358
1359
1360
1357
1361
1362
1364
1366
1363
1369
1368
1371
1370
1373
1365
1367
1372
1376
1374
1375
1378
1379
1377
1380
1381
1382
1383
1384
1385
1386
1387
1388
1389
1390
1393
1391
1392
1394
1395
1396
1397
1401
1399
1402
1398
1400
1407
1403
1408
1409
1406
1404
1405
1410
1411
1414
1413
1415
1416
1412
1418
1419
1417
1421
1422
1420
1426
1425
1427
1428
1423
1424
1430
1431
1433
1429
1434
1432
1436
1435
1437
1439
1441
1438
1440
1442
1445
1443
1444
1446
1448
1447
1450
1451
1454
1449
1456
1453
1455
1457
1460
1452
1459
1461
1458
1462
1467
1465
1464
1468
1463
1466
1471
1475
1472
1474
1469
1476
1470
1473
1477
1480
1478
1481
1483
1479
1485
1486
1482
1488
1487
1489
1491
1484
1492
1490
1494
1495
1493
1498
1497
1499
1500
1502
1505
1501
1504
1496
1506
1503
1507
1508
1509
1511
1512
1510
1514
1515
1517
1520
1513
1516
1521
1518
1523
1522
1519
1524
1526
1525
1527
1530
1529
1531
1532
1533
1534
1535
1528
1536
1537
1538
1539
1542
1541
1540
1543
1544
1545
1546
1548
1547
1551
1550
1554
1552
1549
1556
1553
1557
1559
1555
1561
1560
1558
1564
1565
1566
1567
1562
1563
1568
1569
1570
1571
1572
1574
1573
1575
1576
1577
1579
1580
1581
1578
1582
1583
1585
1584
1586
1588
1587
1589
1594
1593
1591
1596
1592
1590
1598
1595
1600
1601
1599
1597
1602
1604
1605
1606
1607
1603
1608
1609
1610
1611
1613
1612
1614
1617
1618
1615
1619
1616
1620
1622
1624
1626
1625
1621
1627
1630
1628
1623
1629
1631
1632
1634
1635
1633
1639
1638
1636
1643
1637
1641
1642
1644
1640
1645
1647
1646
1649
1648
1650
1651
1652
1653
1656
1655
1654
1660
1657
1658
1665
1659
1663
1664
1661
1662
1666
1667
1668
1669
1670
1671
1672
1674
1676
1677
1673
1678
1675
1679
1680
1681
1682
1683
1684
1685
1687
1689
1688
1686
1691
1694
1692
1693
1690
1695
1696
1698
1699
1701
1702
1697
1703
1705
1700
1707
1706
1708
1709
1704
1710
1712
1714
1715
1711
1713
1717
1718
1719
1716
1721
1720
1723
1724
1725
1722
1726
1727
1728
1731
1729
1733
1730
1734
1735
1737
1738
1732
1740
1739
1741
1736
1743
1742
1744
1748
1746
1745
1749
1750
1751
1747
1752
1753
1754
1755
1756
1759
1758
1757
1760
1763
1764
1762
1761
1766
1767
1765
1769
1768
1770
1772
1771
1775
1776
1774
1777
1773
1778
1779
1780
1781
1783
1784
1782
1785
1786
1787
1788
1789
1790
1793
1791
1792
1795
1796
1798
1794
1799
1800
1801
1797
1802
1804
1803
1805
1806
1808
1807
1811
1810
1813
1809
1816
1812
1815
1814
1819
1817
1818
1820
1822
1821
1823
1825
1824
1828
1826
1829
1827
1830
1832
1835
1833
1834
1831
1836
1837
1838
1840
1841
1839
1842
1843
1844
1849
1848
1847
1845
1846
1851
1852
1853
1854
1856
1850
1855
1858
1857
1859
1860
1862
1863
1866
1867
1868
1861
1864
1865
1869
1870
1871
1872
1873
1874
1877
1878
1875
1881
1880
1876
1883
1885
1879
1886
1882
1887
1889
1884
1890
1891
1888
1894
1893
1895
1898
1897
1892
1896
1901
1902
1900
1903
1899
1906
1905
1909
1904
1908
1910
1907
1911
1914
1912
1916
1913
1917
1919
1918
1915
1920
1921
1924
1923
1926
1922
1925
1927
1929
1930
1931
1932
1933
1928
1934
1938
1936
1937
1939
1935
1940
1941
1944
1943
1946
1945
1948
1942
1949
1947
1950
1951
1953
1954
1955
1952
1956
1958
1959
1960
1961
1962
1963
1957
1966
1965
1964
1969
1968
1970
1971
1972
1967
1975
1973
1974
1976
1977
1978
1979
1980
1983
1985
1984
1981
1982
1986
1987
1992
1990
1989
1993
1994
1988
1995
1996
1991
1998
1997
2000
1999
2001
2004
2003
2006
2005
2002
2008
2009
2010
2007
2011
2013
2015
2016
2017
2012
2014
2019
2018
2020
2021
2022
2023
2024
2025
2026
2030
2027
2028
2031
2032
2033
2029
2035
2036
2034
2039
2040
2037
2038
2041
2042
2044
2046
2048
2050
2043
2045
2053
2049
2052
2051
2054
2047
2056
2055
2058
2060
2059
2057
2061
2062
2063
2065
2066
2067
2064
2068
2069
2071
2070
2072
2073
2074
2076
2075
2077
2080
2079
2083
2082
2085
2078
2086
2087
2088
2081
2084
2090
2093
2092
2091
2089
2095
2097
2099
2094
2096
2100
2098
2101
2103
2104
2102
2106
2105
2107
2108
2111
2109
2112
2115
2113
2117
2116
2110
2120
2114
2119
2121
2118
2122
2123
2125
2127
2126
2129
2124
2130
2131
2128
2132
2134
2136
2135
2138
2133
2139
2141
2140
2143
2137
2142
2145
2144
2147
2148
2146
2149
2151
2153
2152
2154
2150
2157
2156
2158
2160
2155
2159
2161
2162
2163
2164
2165
2167
2166
2168
2171
2169
2172
2170
2173
2176
2174
2175
2177
2178
2180
2181
2182
2183
2185
2184
2187
2186
2189
2190
2191
2188
2179
2192
2193
2194
2195
2196
2197
2199
2202
2201
2203
2198
2206
2204
2207
2208
2200
2205
2209
2210
2212
2213
2215
2211
2216
2214
2217
2221
2220
2219
2218
2223
2225
2226
2227
2222
2224
2228
2229
2230
2233
2232
2231
2234
2237
2236
2235
2239
2240
2238
2245
2244
2241
2242
2246
2243
2248
2247
2250
2251
2252
2249
2256
2254
2253
2257
2258
2261
2255
2259
2263
2262
2265
2260
2267
2269
2264
2266
2268
2270
2271
2273
2272
2274
2277
2278
2275
2276
2281
2280
2282
2279
2283
2284
2286
2285
2287
2288
2290
2289
2292
2294
2291
2295
2293
2296
2297
2298
2299
2301
2300
2304
2305
2303
2306
2307
2308
2310
2302
2311
2314
2316
2317
2312
2319
2313
2309
2315
2320
2321
2322
2325
2327
2326
2318
2323
2329
2324
2331
2332
2333
2330
2328
2334
2336
2338
2335
2337
2339
2340
2341
2343
2344
2346
2345
2347
2349
2350
2342
2351
2348
2352
2354
2353
2355
2356
2358
2359
2360
2361
2363
2364
2362
2365
2367
2366
2368
2357
2369
2371
2370
2373
2375
2374
2377
2376
2381
2382
2383
2379
2384
2385
2378
2372
2386
2380
2387
2388
2389
2390
2392
2394
2393
2391
2395
2396
2398
2397
2399
2401
2400
2402
2404
2403
2406
2405
2407
2410
2411
2413
2412
2408
2414
2417
2409
2416
2418
2415
2419
2420
2422
2421
2423
2424
2426
2427
2428
2425
2429
2431
2433
2434
2432
2435
2430
2436
2439
2440
2437
2444
2441
2438
2446
2445
2442
2447
2448
2443
2449
2450
2453
2451
2452
2456
2457
2454
2455
2459
2460
2461
2458
2462
2463
2464
2465
2466
2467
2468
2469
2471
2473
2472
2476
2474
2475
2470
2477
2479
2481
2480
2482
2483
2478
2484
2486
2485
2488
2489
2491
2492
2493
2487
2490
2495
2494
2497
2498
2499
2500
2501
2502
2504
2505
2503
2506
2508
2509
2510
2511
2507
2512
2513
2496
2514
2516
2515
2517
2518
2520
2521
2523
2522
2519
2524
2527
2525
2526
2529
2533
2531
2532
2535
2534
2528
2530
2536
2537
2538
2539
2542
2543
2540
2541
2545
2548
2547
2544
2549
2546
2550
2551
2553
2552
2554
2557
2555
2556
2559
2560
2561
2562
2565
2558
2564
2568
2567
2563
2570
2571
2566
2569
2573
2574
2575
2572
2576
2577
2579
2580
2578
2583
2584
2582
2587
2581
2586
2588
2585
2590
2592
2591
2594
2595
2589
2598
2597
2593
2600
2599
2601
2602
2603
2604
2607
2606
2605
2609
2608
2610
2596
2611
2612
2613
2615
2614
2616
2618
2617
2619
2621
2624
2623
2625
2620
2622
2628
2629
2632
2626
2627
2631
2634
2633
2636
2630
2638
2635
2639
2640
2641
2637
2642
2643
2644
2645
2648
2647
2646
2650
2649
2653
2652
2654
2655
2651
2656
2657
2658
2659
2661
2663
2662
2660
2665
2666
2668
2670
2669
2664
2672
2667
2673
2674
2671
2675
2677
2678
2676
2679
2680
2681
2682
2683
2684
2686
2687
2688
2690
2685
2691
2692
2689
2693
2694
2696
2698
2697
2699
2695
2701
2702
2704
2703
2705
2707
2706
2700
2709
2710
2712
2714
2708
2715
2716
2711
2718
2719
2713
2720
2722
2717
2723
2725
2721
2726
2727
2724
2729
2731
2733
2728
2732
2734
2730
2736
2735
2737
2738
2740
2742
2743
2739
2744
2746
2747
2745
2741
2750
2748
2749
2751
2752
2755
2754
2756
2757
2753
2758
2760
2762
2759
2763
2761
2766
2767
2764
2765
2770
2768
2771
2774
2772
2773
2769
2775
2777
2778
2776
2779
2780
2783
2782
2784
2781
2787
2786
2788
2785
2789
2790
2792
2791
2793
2794
2795
2796
2797
2798
2800
2799
2801
2805
2802
2803
2806
2804
2810
2807
2809
2812
2811
2808
2813
2815
2816
2817
2818
2814
2819
2820
2823
2825
2821
2826
2822
2824
2827
2828
2833
2829
2832
2836
2835
2830
2837
2838
2831
2839
2840
2841
2834
2842
2845
2844
2848
2846
2843
2849
2850
2847
2851
2852
2854
2855
2856
2857
2858
2853
2859
2860
2861
2862
2863
2865
2866
2869
2870
2872
2871
2864
2867
2868
2874
2875
2876
2877
2873
2878
2880
2879
2881
2882
2883
2884
2885
2887
2886
2888
2889
2891
2892
2895
2894
2890
2897
2893
2896
2899
2898
2900
2901
2903
2902
2904
2908
2906
2907
2909
2905
2910
2911
2912
2913
2915
2914
2916
2917
2919
2920
2922
2921
2918
2923
2928
2926
2927
2929
2930
2931
2924
2932
2925
2936
2937
2938
2933
2934
2939
2941
2935
2942
2940
2944
2945
2946
2943
2948
2947
2950
2952
2951
2953
2949
2956
2958
2959
2954
2961
2962
2955
2960
2963
2957
2967
2968
2969
2970
2964
2965
2966
2972
2971
2973
2974
2975
2976
2977
2978
2980
2981
2982
2983
2979
2984
2987
2988
2991
2990
2992
2985
2986
2989
2996
2995
2994
2998
2999
2993
3000
3001
3002
2997
3003
3004
3005
3009
3006
3007
3010
3011
3012
3008
3014
3015
3016
3017
3018
3019
3013
3020
3021
3022
3023
3024
3027
3028
3029
3031
3025
3030
3026
3032
3033
3035
3034
3036
3038
3039
3037
3040
3042
3041
3044
3046
3045
3047
3049
3050
3052
3053
3054
3043
3058
3060
3048
3051
3055
3064
3056
3059
3065
3061
3063
3062
3066
3057
3070
3069
3067
3071
3075
3068
3077
3079
3073
3081
3078
3083
3080
3076
3074
3082
3084
3087
3072
3085
3086
3089
3090
3091
3095
3094
3096
3092
3088
3097
3093
3099
3101
3104
3105
3107
3100
3098
3108
3106
3111
3103
3112
3113
3114
3110
3109
3102
3119
3116
3120
3115
3117
3118
3124
3126
3127
3125
3128
3121
3122
3129
3123
3132
3130
3135
3134
3136
3133
3137
3131
3142
3143
3144
3145
3146
3140
3138
3139
3147
3141
3150
3148
3149
3155
3156
3153
3151
3162
3160
3161
3152
3164
3166
3158
3165
3154
3168
3170
3157
3167
3163
3172
3171
3169
3175
3174
3173
3176
3177
3159
3178
3179
3180
3181
3182
3186
3184
3185
3189
3190
3191
3194
3197
3192
3199
3200
3198
3187
3183
3205
3202
3206
3193
3207
3195
3188
3204
3201
3203
3208
3209
3196
3211
3210
3213
3214
3215
3216
3219
3218
3220
3212
3221
3224
3226
3230
3222
3223
3233
3234
3217
3229
3232
3225
3235
3236
3228
3239
3241
3240
3231
3227
3242
3237
3243
3244
3238
3245
3250
3252
3254
3253
3246
3249
3247
3251
3255
3256
3262
3263
3267
3265
3248
3257
3258
3268
3266
3261
3260
3271
3274
3259
3269
3264
3273
3272
3275
3276
3270
3277
3279
3280
3281
3283
3284
3287
3278
3286
3288
3285
3292
3289
3291
3290
3294
3295
3296
3282
3293
3297
3299
3298
3300
3301
3302
3303
3305
3307
3308
3306
3304
3310
3309
3312
3314
3315
3311
3316
3319
3313
3321
3323
3317
3318
3320
3322
3326
3325
3329
3324
3327
3330
3328
3332
3333
3331
3334
3336
3335
3338
3337
3340
3339
3341
3344
3342
3345
3343
3346
3348
3347
3349
3350
3352
3351
3355
3353
3357
3356
3358
3359
3354
3361
3362
3360
3363
3364
3367
3365
3368
3366
3371
3369
3370
3373
3374
3375
3376
3372
3377
3378
3379
3380
3381
3382
3383
3384
3387
3388
3389
3385
3390
3391
3392
3386
3393
3394
3395
3397
3396
3398
3399
3403
3402
3404
3400
3405
3401
3407
3406
3409
3408
3410
3411
3414
3413
3412
3415
3416
3419
3417
3418
3421
3422
3423
3425
3420
3426
3424
3427
3428
3429
3430
3431
3434
3433
3435
3436
3432
3438
3437
3439
3441
3443
3440
3444
3445
3447
3446
3449
3442
3448
3451
3452
3453
3455
3450
3456
3458
3454
3457
3460
3461
3462
3459
3464
3463
3465
3467
3469
3468
3470
3466
3474
3471
3477
3472
3475
3478
3473
3476
3479
3480
3482
3481
3485
3484
3487
3483
3488
3486
3490
3489
3491
3492
3493
3494
3495
3497
3498
3496
3500
3499
3501
3503
3504
3505
3506
3502
3507
3510
3509
3511
3513
3508
3515
3517
3514
3518
3520
3521
3522
3525
3524
3516
3519
3523
3512
3526
3527
3528
3530
3531
3529
3533
3534
3536
3535
3537
3532
3539
3540
3541
3538
3545
3544
3546
3547
3543
3542
3549
3551
3550
3548
3552
3555
3556
3553
3557
3554
3559
3561
3560
3563
3562
3564
3566
3565
3567
3568
3570
3558
3572
3573
3569
3575
3574
3571
3576
3577
3580
3581
3582
3583
3578
3584
3585
3586
3579
3588
3587
3591
3590
3593
3592
3589
3596
3598
3597
3594
3599
3595
3601
3603
3604
3605
3607
3606
3600
3609
3608
3610
3602
3613
3612
3614
3615
3611
3616
3617
3618
3621
3623
3620
3624
3619
3626
3622
3625
3628
3627
3629
3633
3630
3632
3636
3637
3631
3638
3635
3640
3641
3642
3643
3634
3645
3647
3646
3639
3644
3648
3649
3650
3652
3653
3656
3651
3658
3659
3654
3657
3660
3661
3655
3662
3665
3666
3667
3668
3663
3664
3670
3669
3675
3674
3677
3672
3676
3671
3673
3680
3678
3681
3683
3679
3682
3687
3686
3688
3684
3689
3685
3692
3690
3694
3691
3695
3693
3696
3699
3697
3710
3698
3700
3701
3703
3702
3712
3713
3705
3707
3706
3716
3714
3715
3711
3708
3717
3709
3718
3704
3720
3721
3719
3722
3724
3723
3725
3726
3728
3727
3732
3731
3730
3733
3736
3729
3742
3741
3743
3744
3746
3735
3747
3745
3739
3738
3734
3749
3750
3737
3748
3751
3752
3740
3755
3753
3754
3757
3756
3758
3759
3760
3762
3763
3764
3766
3767
3769
3765
3770
3772
3761
3774
3775
3777
3773
3768
3778
3776
3779
3771
3783
3781
3785
3782
3784
3780
3786
3788
3789
3787
3792
3791
3795
3793
3794
3797
3790
3804
3799
3803
3800
3802
3796
3806
3801
3805
3798
3807
3808
3809
3811
3810
3812
3815
3814
3813
3816
3818
3817
3820
3819
3821
3822
3823
3824
3825
3828
3826
3833
3831
3827
3835
3829
3832
3838
3837
3830
3842
3836
3839
3841
3844
3834
3843
3840
3846
3847
3845
3848
3850
3854
3853
3852
3849
3855
3851
3857
3856
3858
3859
3861
3860
3863
3865
3864
3866
3869
3867
3868
3870
3875
3872
3873
3862
3877
3874
3871
3878
3879
3876
3880
3881
3884
3883
3886
3887
3889
3890
3892
3893
3895
3888
3897
3896
3891
3898
3899
3885
3894
3882
3900
3903
3904
3901
3902
3905
3906
3908
3907
3910
3911
3914
3909
3915
3916
3917
3919
3918
3922
3921
3924
3925
3913
3926
3920
3927
3928
3923
3929
3912
3931
3934
3935
3933
3930
3936
3932
3937
3938
3939
3941
3943
3940
3944
3946
3942
3945
3952
3947
3956
3958
3959
3955
3949
3948
3950
3953
3960
3962
3964
3951
3961
3954
3966
3963
3967
3957
3968
3965
3969
3970
3971
3972
3973
3974
3977
3978
3979
3981
3975
3985
3983
3986
3980
3987
3988
3989
3976
3982
3990
3991
3992
3993
3996
3997
3998
3994
3984
4001
3995
3999
4000
4002
4003
4005
4004
4007
4008
4006
4010
4013
4012
4011
4014
4009
4016
4015
4017
4018
4021
4019
4020
4023
4024
4025
4022
4028
4027
4029
4030
4031
4026
4032
4034
4035
4033
4037
4038
4036
4039
4042
4043
4044
4045
4046
4041
4040
4047
4048
4049
4052
4053
4055
4054
4050
4051
4056
4058
4057
4059
4060
4062
4063
4061
4064
4066
4065
4067
4069
4068
4071
4070
4073
4074
4078
4077
4072
4079
4076
4080
4075
4081
4082
4085
4084
4083
4087
4089
4090
4086
4091
4088
4092
4094
4095
4098
4097
4099
4096
4093
4100
4101
4102
4103
4104
4106
4107
4108
4110
4109
4105
4111
4114
4113
4116
4115
4112
4117
4119
4121
4118
4122
4120
4123
4124
4126
4125
4127
4128
4129
4131
4132
4133
4130
4134
4135
4137
4138
4140
4141
4136
4144
4142
4145
4143
4147
4146
4139
4148
4149
4150
4151
4152
4156
4155
4158
4159
4153
4154
4157
4160
4161
4163
4164
4162
4167
4166
4168
4169
4171
4165
4170
4174
4173
4176
4175
4172
4177
4180
4179
4182
4181
4178
4183
4186
4188
4187
4184
4189
4190
4185
4191
4193
4195
4192
4197
4194
4199
4200
4196
4202
4203
4198
4204
4205
4206
4201
4207
4208
4212
4210
4209
4211
4213
4215
4216
4217
4218
4214
4221
4220
4219
4223
4222
4224
4225
4226
4228
4229
4233
4235
4234
4227
4230
4236
4231
4232
4238
4241
4237
4242
4239
4240
4243
4244
4245
4246
4247
4249
4248
4250
4251
4253
4252
4258
4255
4256
4257
4254
4261
4260
4264
4262
4265
4263
4266
4259
4267
4268
4269
4270
4272
4273
4271
4274
4276
4275
4277
4278
4280
4279
4281
4282
4283
4286
4287
4290
4288
4284
4289
4285
4293
4295
4296
4297
4291
4292
4294
4298
4299
4302
4300
4301
4303
4304
4305
4307
4309
4308
4310
4306
4311
4313
4312
4314
4315
4316
4317
4318
4321
4320
4322
4323
4319
4324
4325
4326
4329
4328
4330
4332
4327
4334
4333
4331
4337
4336
4338
4335
4339
4341
4340
4342
4344
4346
4345
4347
4348
4343
4349
4350
4354
4352
4355
4351
4358
4356
4357
4353
4361
4360
4362
4363
4359
4364
4365
4366
4368
4369
4370
4367
4371
4372
4373
4374
4375
4377
4376
4378
4379
4380
4382
4384
4385
4388
4381
4383
4390
4391
4387
4386
4393
4395
4389
4394
4396
4397
4392
4399
4398
4400
4402
4403
4401
4407
4404
4406
4405
4410
4408
4411
4409
4412
4413
4414
4415
4418
4416
4419
4420
4421
4422
4417
4423
4424
4425
4426
4427
4428
4430
4429
4432
4433
4434
4435
4431
4436
4437
4438
4439
4440
4441
4443
4445
4444
4446
4448
4449
4442
4452
4453
4447
4454
4455
4456
4457
4450
4451
4458
4459
4461
4463
4460
4466
4462
4465
4467
4464
4468
4470
4471
4469
4472
4473
4474
4475
4476
4477
4479
4480
4481
4483
4485
4484
4478
4486
4487
4488
4482
4489
4490
4493
4494
4492
4496
4491
4498
4499
4497
4495
4500
4502
4504
4501
4506
4507
4505
4508
4503
4510
4512
4513
4514
4509
4511
4518
4515
4516
4517
4519
4520
4521
4522
4525
4526
4523
4528
4524
4529
4527
4531
4533
4530
4535
4534
4536
4537
4538
4532
4539
4540
4542
4541
4543
4545
4546
4549
4547
4548
4550
4544
4551
4552
4554
4553
4555
4556
4558
4559
4560
4557
4561
4562
4563
4566
4565
4567
4568
4569
4570
4564
4571
4573
4572
4576
4574
4575
4578
4580
4579
4577
4581
4582
4584
4585
4586
4583
4589
4588
4587
4590
4591
4593
4594
4596
4595
4598
4592
4600
4599
4602
4601
4603
4597
4604
4606
4607
4608
4605
4609
4611
4610
4612
4613
4614
4615
4616
4618
4619
4620
4621
4617
4622
4623
4626
4625
4627
4624
4631
4630
4629
4632
4633
4634
4628
4635
4636
4637
4639
4638
4641
4644
4643
4645
4642
4646
4640
4647
4649
4650
4651
4648
4653
4654
4657
4656
4652
4658
4659
4661
4660
4655
4662
4665
4666
4663
4667
4664
4669
4668
4670
4673
4672
4674
4671
4676
4675
4677
4678
4681
4680
4679
4682
4683
4684
4686
4687
4688
4690
4691
4685
4693
4692
4694
4695
4697
4696
4699
4689
4700
4698
4702
4703
4705
4704
4706
4701
4707
4708
4709
4710
4711
4713
4714
4715
4718
4716
4717
4712
4719
4721
4722
4720
4724
4723
4727
4726
4728
4729
4725
4730
4731
4732
4733
4735
4736
4737
4734
4740
4741
4739
4738
4743
4746
4744
4745
4749
4751
4742
4752
4747
4754
4748
4750
4758
4757
4753
4755
4760
4756
4759
4761
4764
4763
4762
4766
4767
4768
4769
4765
4772
4771
4770
4774
4773
4775
4777
4779
4778
4781
4780
4776
4782
4784
4785
4786
4788
4783
4789
4790
4787
4791
4792
4793
4794
4796
4795
4798
4799
4797
4800
4802
4801
4803
4804
4805
4808
4809
4810
4811
4812
4806
4807
4813
4815
4814
4818
4817
4819
4816
4821
4822
4820
4823
4824
4826
4825
4828
4827
4830
4832
4831
4829
4833
4836
4834
4835
4837
4838
4842
4840
4839
4843
4844
4845
4846
4841
4848
4849
4850
4847
4853
4852
4854
4851
4855
4856
4857
4858
4859
4862
4860
4865
4866
4864
4861
4867
4863
4868
4869
4870
4872
4871
4873
4875
4874
4876
4877
4879
4880
4883
4886
4885
4878
4884
4881
4882
4888
4889
4887
4890
4891
4894
4893
4892
4895
4898
4896
4899
4901
4900
4897
4902
4903
4905
4904
4906
4907
4909
4911
4908
4912
4914
4913
4916
4910
4917
4915
4919
4918
4920
4921
4922
4924
4923
4926
4925
4928
4927
4929
4931
4932
4930
4935
4934
4937
4936
4933
4938
4939
4940
4941
4942
4943
4944
4946
4945
4948
4947
4949
4950
4952
4951
4953
4954
4955
4958
4957
4959
4960
4961
4956
4963
4962
4964
4965
4967
4968
4966
4969
4970
4971
4973
4976
4974
4972
4975
4977
4978
4979
4980
4982
4985
4984
4981
4986
4987
4988
4983
4989
4990
4991
4992
4996
4995
4997
4998
4993
4994
4999
5000
5001
5002
5005
5006
5004
5007
5003
5009
5010
5011
5008
5012
5014
5015
5018
5013
5021
5020
5017
5016
5019
5025
5026
5024
5022
5023
5028
5030
5029
5031
5027
5032
5034
5033
5035
5038
5040
5039
5036
5037
5041
5042
5045
5046
5043
5048
5044
5047
5050
5049
5051
5052
5054
5055
5058
5056
5057
5053
5059
5060
5064
5062
5065
5066
5063
5061
5068
5070
5069
5067
5072
5071
5073
5074
5075
5076
5077
5079
5078
5083
5082
5081
5084
5080
5085
5086
5089
5088
5090
5092
5091
5087
5096
5097
5099
5095
5093
5100
5094
5101
5098
5103
5102
5104
5107
5108
5109
5105
5106
5111
5110
5112
5113
5114
5115
5116
5121
5122
5118
5117
5119
5120
5123
5124
5126
5125
5129
5128
5131
5133
5130
5127
5132
5134
5135
5138
5136
5140
5137
5141
5144
5139
5143
5142
5145
5146
5147
5148
5150
5149
5151
5152
5155
5153
5156
5157
5154
5161
5159
5164
5162
5158
5165
5160
5163
5166
5167
5169
5171
5170
5168
5172
5174
5175
5176
5173
5177
5178
5181
5180
5182
5183
5184
5179
5186
5187
5185
5190
5189
5191
5192
5188
5194
5193
5195
5197
5199
5200
5196
5201
5202
5198
5203
5204
5205
5207
5208
5211
5206
5210
5212
5214
5209
5213
5219
5218
5220
5221
5215
5222
5216
5217
5223
5224
5226
5228
5229
5231
5225
5230
5232
5227
5234
5237
5233
5238
5235
5242
5239
5236
5241
5243
5240
5246
5245
5248
5244
5250
5249
5253
5252
5251
5247
5254
5255
5256
5258
5259
5260
5262
5261
5257
5264
5265
5263
5266
5268
5269
5270
5271
5273
5267
5272
5275
5274
5276
5278
5279
5277
5281
5280
5282
5284
5283
5285
5287
5286
5288
5290
5289
5291
5292
5293
5295
5296
5294
5297
5298
5299
5302
5301
5303
5307
5305
5300
5306
5309
5308
5310
5311
5304
5313
5312
5314
5315
5316
5317
5318
5321
5322
5319
5320
5323
5324
5327
5325
5331
5332
5326
5333
5334
5330
5336
5328
5335
5337
5329
5341
5340
5342
5338
5344
5346
5339
5345
5343
5348
5350
5347
5351
5352
5349
5353
5354
5355
5357
5358
5356
5362
5360
5363
5365
5361
5367
5359
5366
5369
5372
5370
5371
5364
5368
5376
5373
5377
5375
5374
5380
5379
5381
5378
5383
5382
5385
5386
5384
5388
5391
5389
5395
5394
5387
5390
5398
5393
5392
5401
5400
5402
5396
5403
5397
5399
5407
5404
5406
5408
5409
5410
5405
5412
5413
5411
5414
5415
5416
5417
5419
5420
5422
5421
5418
5424
5423
5428
5427
5425
5426
5431
5432
5433
5434
5429
5430
5435
5436
5440
5439
5438
5437
5442
5441
5443
5444
5445
5446
5449
5448
5450
5451
5447
5452
5454
5453
5456
5455
5457
5458
5460
5461
5459
5464
5462
5463
5466
5467
5465
5468
5470
5471
5469
5472
5474
5473
5476
5475
5477
5479
5478
5481
5482
5483
5485
5486
5484
5487
5480
5489
5488
5490
5491
5493
5492
5494
5495
5496
5497
5498
5499
5501
5502
5503
5504
5500
5505
5506
5508
5507
5509
5510
5511
5513
5515
5516
5517
5518
5519
5512
5521
5514
5522
5526
5520
5523
5524
5525
5528
5527
5529
5530
5532
5531
5533
5534
5535
5537
5538
5536
5540
5541
5539
5542
5544
5545
5548
5547
5550
5549
5543
5551
5546
5555
5557
5558
5552
5553
5556
5554
5561
5559
5560
5563
5562
5564
5566
5568
5567
5565
5569
5570
5571
5572
5573
5574
5575
5576
5578
5579
5577
5581
5584
5583
5585
5580
5582
5587
5586
5590
5591
5588
5592
5589
5594
5598
5597
5593
5596
5599
5595
5600
5601
5602
5603
5605
5606
5608
5604
5610
5612
5607
5609
5614
5613
5615
5611
5617
5616
5618
5621
5620
5622
5624
5623
5619
5625
5627
5626
5629
5630
5631
5628
5634
5632
5635
5633
5636
5637
5638
5639
5642
5643
5641
5640
5645
5647
5646
5648
5649
5644
5650
5651
5652
5654
5655
5657
5653
5658
5659
5660
5656
5661
5666
5664
5662
5665
5668
5663
5667
5670
5671
5672
5669
5673
5674
5675
5676
5677
5679
5680
5678
5682
5681
5683
5684
5685
5686
5687
5688
5691
5692
5689
5693
5690
5695
5696
5697
5694
5698
5699
5700
5701
5702
5703
5705
5704
5707
5708
5709
5706
5710
5712
5711
5713
5716
5714
5718
5719
5715
5717
5721
5723
5724
5722
5720
5726
5727
5725
5728
5729
5732
5731
5734
5730
5733
5735
5736
5737
5740
5738
5743
5742
5741
5739
5744
5747
5745
5746
5748
5749
5750
5753
5752
5751
5755
5757
5756
5754
5759
5758
5762
5761
5764
5765
5763
5760
5766
5767
5768
5769
5770
5771
5772
5773
5774
5775
5777
5778
5776
5779
5780
5781
5782
5786
5784
5787
5783
5785
5790
5791
5793
5792
5788
5796
5789
5794
5795
5797
5798
5801
5799
5803
5802
5804
5800
5805
5808
5807
5806
5810
5812
5809
5811
5814
5817
5815
5816
5819
5818
5823
5820
5821
5824
5826
5825
5827
5822
5829
5828
5831
5813
5833
5834
5830
5832
5837
5836
5839
5838
5835
5842
5840
5841
5843
5844
5846
5848
5847
5845
5850
5851
5852
5853
5856
5849
5855
5857
5854
5858
5860
5859
5862
5861
5864
5866
5865
5863
5868
5869
5872
5871
5870
5867
5874
5875
5876
5878
5881
5879
5882
5873
5884
5877
5880
5883
5885
5886
5890
5888
5887
5889
5892
5891
5893
5895
5897
5894
5896
5900
5901
5902
5898
5903
5904
5899
5905
5906
5909
5911
5907
5910
5912
5913
5915
5914
5908
5916
5917
5920
5919
5918
5921
5923
5922
5925
5924
5926
5927
5928
5930
5931
5933
5934
5929
5937
5932
5941
5939
5942
5935
5944
5936
5938
5946
5940
5948
5943
5947
5949
5945
5952
5950
5953
5951
5954
5955
5956
5957
5958
5959
5963
5962
5965
5960
5961
5964
5966
5969
5968
5971
5970
5972
5975
5967
5974
5973
5977
5979
5978
5980
5982
5976
5983
5986
5984
5985
5981
5987
5988
5989
5991
5992
5995
5993
5990
5994
5997
5999
5998
6001
6000
6002
5996
6004
6003
6005
6007
6008
6009
6006
6010
6011
6012
6013
6015
6014
6016
6017
6018
6019
6021
6022
6025
6020
6024
6026
6028
6027
6023
6029
6031
6032
6030
6034
6033
6036
6035
6038
6039
6037
6040
6041
6042
6043
6044
6045
6046
6048
6047
6049
6050
6051
6052
6053
6054
6055
6059
6056
6058
6060
6061
6065
6063
6062
6064
6057
6066
6067
6071
6070
6073
6072
6068
6074
6069
6076
6077
6075
6079
6078
6080
6081
6083
6085
6084
6082
6086
6089
6090
6091
6093
6095
6094
6087
6088
6092
6096
6097
6099
6098
6100
6104
6102
6105
6101
6103
6106
6107
6108
6110
6109
6112
6115
6111
6116
6118
6117
6113
6120
6119
6122
6114
6123
6125
6121
6127
6128
6129
6126
6130
6132
6124
6133
6134
6131
6135
6137
6138
6136
6139
6140
6141
6144
6142
6146
6148
6149
6151
6143
6150
6145
6152
6147
6154
6153
6157
6156
6158
6155
6159
6161
6162
6164
6163
6165
6160
6166
6167
6168
6170
6169
6172
6173
6171
6175
6177
6178
6179
6180
6182
6174
6176
6183
6184
6181
6185
6188
6189
6191
6193
6192
6194
6186
6196
6187
6195
6197
6198
6190
6199
6200
6201
6204
6205
6203
6206
6209
6202
6212
6210
6211
6207
6215
6208
6216
6213
6218
6221
6220
6214
6217
6219
6223
6224
6227
6226
6229
6225
6222
6228
6230
6231
6232
6234
6233
6235
6237
6240
6238
6242
6241
6243
6239
6244
6236
6245
6246
6247
6250
6249
6248
6252
6255
6253
6254
6257
6251
6259
6262
6263
6260
6264
6256
6258
6266
6265
6261
6267
6270
6268
6271
6272
6274
6273
6275
6269
6279
6282
6281
6277
6276
6285
6283
6278
6286
6280
6284
6288
6287
6291
6289
6292
6302
6290
6293
6294
6295
6303
6305
6304
6296
6297
6298
6306
6299
6301
6300
6310
6309
6311
6308
6312
6313
6314
6315
6307
6317
6316
6318
6322
6326
6319
6329
6327
6328
6331
6330
6323
6333
6334
6325
6321
6332
6320
6324
6336
6337
6341
6335
6340
6345
6339
6342
6343
6346
6348
6344
6347
6338
6350
6351
6352
6349
6354
6355
6357
6353
6360
6359
6364
6362
6363
6365
6366
6358
6368
6367
6356
6370
6371
6369
6373
6374
6361
6376
6377
6372
6375
6379
6378
6381
6382
6383
6385
6389
6388
6390
6391
6392
6384
6380
6393
6387
6396
6386
6397
6401
6399
6402
6398
6394
6404
6395
6400
6405
6407
6403
6406
6409
6408
6410
6411
6412
6413
6414
6415
6418
6417
6419
6422
6416
6425
6420
6427
6426
6421
6423
6429
6424
6430
6431
6433
6428
6434
6435
6432
6436
6437
6438
6439
6440
6443
6441
6442
6445
6444
6446
6449
6448
6447
6450
6452
6453
6456
6454
6455
6458
6457
6451
6460
6459
6462
6465
6464
6461
6463
6466
6467
6468
6469
6470
6471
6473
6474
6476
6472
6477
6478
6479
6475
6480
6481
6482
6483
6484
6485
6486
6489
6488
6487
6490
6492
6493
6494
6491
6495
6496
6497
6498
6500
6499
6501
6502
6503
6505
6507
6509
6508
6504
6510
6511
6506
6512
6514
6513
6516
6517
6515
6518
6519
6520
6521
6522
6523
6525
6524
6526
6528
6527
6529
6530
6532
6531
6533
6534
6535
6536
6537
6538
6539
6541
6543
6544
6542
6546
6540
6547
6545
6549
6550
6548
6551
6553
6552
6554
6555
6556
6558
6557
6560
6559
6561
6564
6562
6565
6567
6566
6569
6563
6570
6572
6571
6573
6568
6575
6574
6577
6578
6579
6580
6576
6582
6583
6584
6586
6585
6588
6581
6587
6589
6591
6590
6592
6594
6595
6596
6598
6599
6593
6602
6601
6604
6603
6605
6597
6606
6600
6607
6608
6610
6611
6613
6612
6614
6609
6617
6618
6616
6615
6621
6620
6619
6622
6624
6625
6623
6626
6628
6627
6629
6630
6632
6631
6633
6635
6634
6637
6639
6638
6636
6641
6640
6643
6642
6645
6644
6646
6648
6647
6650
6649
6651
6652
6653
6655
6654
6656
6659
6657
6660
6663
6664
6662
6665
6667
6666
6658
6661
6669
6668
6670
6671
6676
6675
6674
6673
6672
6679
6680
6678
6677
6681
6682
6684
6686
6685
6687
6683
6690
6692
6691
6694
6696
6689
6697
6698
6695
6688
6693
6701
6703
6699
6700
6704
6705
6702
6706
6707
6710
6709
6708
6711
6712
6713
6714
6716
6717
6715
6718
6720
6721
6722
6723
6725
6719
6727
6726
6729
6724
6730
6731
6733
6732
6728
6734
6736
6737
6738
6739
6735
6740
6741
6743
6742
6744
6745
6746
6748
6750
6747
6749
6752
6754
6756
6753
6755
6757
6759
6760
6751
6762
6761
6764
6758
6766
6765
6763
6767
6768
6769
6770
6772
6773
6774
6771
6776
6775
6777
6779
6780
6781
6782
6778
6783
6786
6787
6788
6784
6789
6785
6791
6793
6792
6794
6790
6797
6796
6798
6799
6795
6800
6801
6802
6803
6804
6805
6807
6808
6809
6806
6810
6812
6814
6813
6817
6816
6819
6811
6822
6821
6815
6823
6824
6818
6825
6820
6827
6828
6829
6826
6830
6831
6832
6834
6835
6836
6833
6838
6839
6840
6837
6844
6842
6843
6845
6847
6846
6848
6841
6849
6852
6853
6854
6855
6850
6851
6857
6856
6859
6860
6858
6861
6862
6863
6864
6866
6868
6869
6865
6870
6867
6871
6872
6875
6876
6873
6878
6877
6880
6874
6882
6883
6879
6885
6881
6888
6889
6890
6884
6886
6891
6892
6887
6893
6894
6895
6897
6896
6898
6900
6901
6899
6902
6903
6905
6906
6907
6904
6908
6909
6913
6911
6914
6910
6916
6917
6912
6920
6915
6921
6919
6922
6918
6923
6924
6925
6927
6926
6928
6930
6931
6929
6933
6932
6934
6936
6938
6935
6940
6937
6941
6939
6945
6943
6944
6947
6948
6949
6950
6942
6953
6952
6946
6951
6955
6954
6956
6958
6957
6959
6960
6961
6963
6962
6966
6964
6965
6969
6967
6970
6968
6972
6974
6973
6971
6976
6978
6979
6980
6982
6975
6977
6981
6984
6983
6985
6986
6988
6989
6990
6987
6991
6992
6993
6996
6997
6998
6994
6995
6999
7001
7002
7000
7003
7004
7005
7006
7007
7008
7009
7010
7011
7012
7014
7015
7016
7013
7017
7018
7020
7021
7022
7023
7024
7019
7027
7028
7025
7026
7030
7032
7029
7031
7033
7034
7038
7037
7039
7041
7040
7036
7035
7042
7045
7044
7047
7043
7046
7048
7050
7049
7051
7054
7052
7053
7055
7056
7057
7062
7058
7061
7063
7067
7059
7069
7068
7071
7060
7066
7065
7072
7064
7070
7074
7076
7075
7073
7078
7079
7077
7080
7081
7083
7082
7085
7086
7084
7087
7088
7089
7090
7092
7093
7094
7097
7096
7098
7091
7101
7100
7099
7103
7095
7102
7105
7104
7107
7109
7108
7106
7110
7112
7113
7114
7111
7115
7116
7117
7118
7119
7120
7121
7122
7124
7125
7126
7127
7128
7131
7130
7129
7123
7132
7133
7134
7136
7140
7137
7139
7142
7141
7135
7138
7143
7144
7145
7147
7148
7146
7149
7152
7151
7153
7154
7155
7150
7158
7157
7159
7161
7163
7156
7160
7162
7164
7165
7167
7168
7169
7166
7173
7171
7172
7174
7175
7176
7170
7179
7178
7177
7180
7182
7185
7183
7186
7181
7187
7189
7184
7190
7193
7188
7192
7194
7195
7197
7196
7191
7200
7198
7202
7199
7203
7204
7201
7206
7205
7208
7207
7209
7212
7213
7210
7214
7216
7211
7215
7218
7219
7217
7220
7222
7221
7226
7228
7227
7230
7223
7229
7224
7232
7234
7231
7225
7235
7237
7236
7238
7243
7239
7240
7241
7242
7233
7246
7245
7244
7249
7247
7250
7251
7248
7252
7253
7254
7259
7258
7255
7261
7260
7262
7257
7256
7264
7265
7263
7267
7268
7271
7270
7266
7272
7273
7269
7274
7277
7276
7278
7280
7275
7281
7283
7284
7285
7286
7279
7282
7288
7287
7291
7293
7289
7292
7296
7294
7297
7290
7299
7303
7298
7302
7304
7300
7301
7305
7295
7308
7309
7306
7307
7310
7311
7312
7318
7319
7313
7320
7321
7317
7322
7316
7315
7323
7324
7325
7327
7326
7314
7328
7330
7331
7332
7333
7329
7335
7336
7334
7338
7337
7340
7341
7339
7342
7343
7346
7345
7347
7348
7350
7344
7351
7352
7355
7354
7349
7357
7356
7353
7359
7358
7361
7362
7363
7360
7364
7367
7370
7369
7365
7373
7372
7368
7374
7375
7380
7381
7366
7376
7377
7379
7382
7385
7378
7384
7371
7387
7389
7383
7390
7391
7386
7388
7392
7393
7396
7395
7394
7397
7398
7400
7401
7403
7404
7402
7408
7399
7410
7411
7413
7409
7405
7414
7406
7412
7415
7416
7419
7420
7407
7422
7421
7423
7417
7418
7424
7425
7427
7426
7428
7429
7430
7432
7431
7433
7434
7436
7438
7435
7439
7441
7442
7443
7445
7444
7437
7440
7446
7447
7449
7448
7451
7452
7450
7454
7456
7453
7457
7455
7458
7459
7460
7461
7463
7462
7466
7469
7464
7470
7465
7473
7467
7472
7474
7476
7468
7475
7478
7477
7479
7482
7471
7480
7483
7485
7486
7488
7487
7484
7491
7490
7481
7492
7493
7489
7496
7495
7498
7500
7494
7501
7499
7503
7504
7502
7505
7497
7506
7507
7508
7510
7512
7514
7509
7513
7516
7515
7511
7517
7518
7519
7520
7521
7522
7524
7527
7525
7526
7532
7528
7531
7530
7534
7533
7536
7537
7523
7539
7529
7535
7540
7538
7542
7541
7544
7543
7546
7549
7548
7547
7545
7550
7551
7553
7552
7556
7555
7558
7557
7554
7563
7565
7561
7562
7566
7564
7567
7560
7559
7568
7570
7569
7571
7572
7574
7575
7576
7579
7573
7580
7581
7577
7582
7578
7585
7584
7583
7586
7587
7591
7590
7589
7592
7593
7588
7597
7594
7599
7596
7595
7598
7600
7604
7603
7606
7601
7607
7602
7609
7610
7605
7612
7608
7613
7611
7614
7615
7618
7619
7622
7620
7616
7617
7624
7623
7621
7625
7626
7628
7629
7627
7630
7631
7633
7632
7635
7634
7637
7638
7639
7641
7636
7642
7640
7644
7645
7646
7643
7647
7649
7648
7650
7651
7653
7656
7652
7657
7658
7659
7654
7655
7660
7661
7664
7663
7666
7662
7667
7668
7669
7670
7665
7673
7671
7672
7676
7677
7681
7674
7675
7678
7682
7680
7679
7683
7685
7686
7688
7684
7687
7689
7691
7692
7690
7693
7695
7694
7698
7697
7703
7696
7701
7702
7699
7700
7704
7705
7706
7707
7708
7709
7710
7712
7711
7715
7713
7714
7716
7717
7718
7719
7720
7721
7725
7726
7722
7723
7724
7728
7729
7730
7727
7731
7732
7733
7734
7735
7736
7738
7737
7739
7741
7742
7744
7746
7747
7740
7748
7743
7745
7749
7750
7751
7753
7754
7752
7755
7756
7757
7759
7760
7761
7762
7763
7764
7765
7758
7766
7767
7768
7769
7772
7771
7773
7775
7774
7770
7777
7779
7776
7780
7778
7781
7783
7786
7785
7787
7782
7789
7792
7784
7793
7794
7795
7796
7788
7790
7791
7797
7798
7799
7800
7801
7802
7804
7805
7806
7807
7803
7808
7811
7809
7810
7812
7813
7815
7816
7818
7820
7819
7821
7823
7822
7824
7814
7826
7817
7828
7825
7827
7831
7832
7829
7833
7830
7835
7834
7838
7836
7837
7839
7840
7841
7843
7845
7844
7842
7850
7848
7849
7851
7853
7852
7846
7855
7847
7856
7854
7858
7859
7857
7863
7862
7864
7865
7860
7861
7869
7871
7866
7870
7872
7868
7873
7874
7875
7877
7876
7878
7880
7879
7881
7867
7883
7884
7887
7886
7882
7885
7889
7891
7890
7888
7893
7894
7895
7892
7896
7897
7899
7898
7900
7901
7902
7903
7905
7906
7907
7904
7908
7909
7910
7912
7913
7911
7915
7914
7916
7917
7918
7920
7919
7921
7922
7925
7923
7924
7926
7929
7927
7928
7932
7930
7931
7933
7934
7935
7936
7937
7938
7939
7941
7943
7944
7946
7940
7942
7947
7948
7945
7949
7950
7952
7951
7953
7955
7956
7958
7961
7959
7960
7954
7962
7957
7964
7965
7963
7967
7966
7968
7970
7971
7972
7973
7969
7974
7975
7979
7978
7981
7977
7983
7980
7976
7982
7986
7987
7990
7988
7989
7984
7991
7985
7992
7994
7995
7993
7996
7997
7998
7999
8000
8001
8002
8003
8005
8006
8004
8008
8009
8007
8012
8010
8011
8013
8014
8019
8020
8016
8018
8021
8017
8015
8022
8024
8026
8025
8028
8029
8023
8031
8030
8032
8033
8034
8027
8036
8039
8037
8035
8042
8040
8041
8038
8043
8044
8045
8048
8049
8047
8050
8046
8052
8054
8053
8055
8057
8056
8060
8062
8061
8058
8051
8059
8063
8065
8064
8067
8066
8069
8070
8071
8072
8068
8073
8074
8075
8078
8076
8081
8080
8082
8077
8079
8084
8085
8086
8088
8089
8083
8091
8090
8087
8092
8093
8094
8096
8097
8095
8098
8102
8105
8099
8106
8104
8103
8107
8108
8111
8110
8100
8109
8112
8114
8113
8101
8116
8117
8115
8118
8119
8122
8123
8124
8120
8121
8126
8128
8127
8125
8129
8130
8133
8132
8135
8134
8137
8131
8139
8141
8143
8140
8144
8136
8145
8138
8142
8147
8146
8148
8149
8150
8151
8152
8153
8156
8157
8155
8154
8158
8159
8160
8161
8164
8162
8165
8166
8168
8163
8170
8169
8171
8172
8173
8175
8178
8176
8177
8179
8167
8174
8182
8180
8184
8181
8185
8186
8183
8190
8187
8188
8192
8193
8189
8197
8191
8195
8196
8199
8194
8198
8200
8202
8203
8205
8206
8208
8207
8201
8204
8209
8210
8213
8215
8211
8214
8216
8217
8212
8219
8218
8221
8220
8223
8225
8226
8222
8227
8228
8230
8231
8233
8232
8237
8234
8229
8235
8236
8239
8224
8238
8241
8240
8242
8243
8245
8244
8246
8247
8249
8248
8250
8253
8251
8255
8254
8256
8258
8259
8252
8262
8257
8264
8265
8263
8266
8267
8268
8270
8269
8260
8271
8261
8272
8273
8275
8276
8274
8278
8279
8280
8281
8282
8283
8284
8285
8286
8277
8288
8287
8291
8289
8292
8294
8293
8295
8296
8290
8299
8297
8298
8302
8301
8304
8300
8303
8306
8305
8309
8307
8310
8312
8308
8314
8311
8316
8313
8318
8320
8317
8319
8315
8321
8323
8322
8324
8325
8326
8329
8331
8330
8327
8332
8328
8334
8335
8333
8337
8336
8338
8339
8340
8342
8343
8344
8345
8347
8349
8341
8348
8350
8353
8351
8355
8346
8356
8352
8354
8357
8358
8359
8360
8362
8363
8365
8364
8361
8366
8367
8369
8368
8370
8371
8372
8373
8377
8374
8378
8376
8375
8379
8381
8383
8382
8384
8385
8386
8380
8387
8390
8389
8391
8388
8393
8394
8392
8395
8397
8396
8401
8400
8402
8405
8404
8399
8407
8398
8408
8403
8409
8411
8412
8406
8410
8415
8414
8413
8416
8418
8421
8417
8420
8419
8423
8422
8425
8424
8427
8426
8429
8431
8428
8430
8435
8432
8436
8437
8438
8439
8440
8434
8433
8441
8442
8444
8445
8446
8447
8443
8448
8449
8450
8453
8451
8454
8455
8452
8457
8456
8459
8462
8461
8463
8465
8469
8470
8467
8472
8473
8468
8474
8471
8476
8477
8478
8480
8475
8481
8482
8483
8479
8484
8486
8485
8488
8487
8489
8490
8491
8492
8466
8464
8494
8458
8493
8460
8495
8496
8499
8497
8498
8501
8500
8502
8503
8505
8506
8504
8509
8508
8510
8513
8514
8515
8516
8512
8518
8521
8519
8520
8523
8517
8524
8526
8528
8527
8522
8507
8530
8529
8525
8532
8534
8535
8531
8537
8533
8536
8538
8539
8541
8540
8544
8545
8547
8543
8548
8550
8553
8552
8555
8549
8556
8551
8558
8557
8554
8560
8562
8565
8564
8563
8561
8566
8568
8570
8567
8542
8559
8546
8571
8569
8573
8574
8511
8572
8577
8576
8579
8580
8581
8575
8582
8583
8578
8584
8585
8586
8587
8588
8589
8590
8592
8591
8594
8593
8597
8595
8599
8601
8598
8596
8603
8600
8604
8605
8607
8602
8608
8610
8612
8609
8613
8606
8614
8615
8616
8611
8617
8620
8619
8618
8622
8621
8623
8624
8625
8627
8626
8628
8629
8630
8631
8633
8635
8636
8638
8639
8632
8634
8642
8640
8641
8643
8646
8637
8644
8645
8648
8649
8647
8650
8651
8652
8653
8654
8656
8658
8657
8659
8660
8655
8661
8662
8663
8664
8665
8670
8668
8667
8669
8671
8674
8672
8666
8675
8676
8673
8677
8678
8679
8680
8681
8682
8684
8685
8686
8688
8683
8689
8690
8687
8691
8692
8693
8694
8696
8699
8695
8698
8701
8700
8697
8702
8703
8705
8709
8706
8704
8707
8708
8711
8710
8712
8713
8714
8715
8716
8717
8718
8721
8720
8722
8723
8719
8729
8727
8728
8731
8730
8724
8732
8733
8725
8726
8734
8736
8737
8739
8735
8738
8741
8742
8740
8745
8744
8746
8743
8748
8750
8749
8752
8753
8747
8754
8751
8755
8759
8756
8757
8758
8760
8763
8764
8762
8761
8765
8766
8767
8768
8769
8770
8771
8772
8773
8775
8776
8778
8774
8779
8777
8781
8783
8785
8780
8782
8786
8787
8784
8788
8789
8792
8794
8790
8795
8796
8797
8793
8798
8791
8799
8800
8801
8802
8804
8803
8806
8807
8808
8805
8810
8809
8811
8812
8813
8814
8815
8819
8816
8818
8817
8820
8821
8823
8824
8826
8827
8828
8822
8825
8829
8830
8831
8832
8833
8834
8836
8837
8835
8838
8840
8843
8841
8842
8839
8845
8846
8848
8847
8849
8850
8851
8844
8852
8855
8853
8857
8854
8858
8859
8856
8862
8861
8860
8863
8864
8865
8866
8868
8867
8870
8872
8873
8869
8875
8871
8876
8877
8878
8880
8874
8881
8879
8883
8884
8885
8887
8888
8882
8889
8890
8886
8892
8893
8894
8895
8891
8896
8897
8898
8899
8901
8902
8903
8904
8905
8900
8906
8907
8908
8909
8911
8912
8913
8910
8915
8916
8918
8917
8920
8914
8921
8923
8922
8919
8924
8925
8926
8928
8927
8929
8934
8932
8931
8936
8930
8937
8933
8938
8935
8941
8940
8942
8944
8945
8939
8948
8947
8946
8943
8949
8950
8953
8952
8954
8951
8955
8956
8957
8959
8958
8960
8962
8961
8964
8963
8965
8966
8967
8968
8971
8970
8972
8969
8973
8974
8976
8977
8979
8975
8980
8981
8982
8978
8983
8984
8985
8988
8986
8987
8989
8991
8990
8992
8993
8994
8995
8996
8997
8999
9000
9002
9001
9003
8998
9004
9005
9006
9007
9008
9011
9010
9012
9013
9014
9009
9015
9017
9016
9018
9019
9021
9022
9020
9023
9027
9026
9028
9024
9025
9030
9031
9034
9033
9029
9035
9032
9037
9038
9036
9039
9042
9040
9041
9044
9046
9043
9047
9045
9048
9049
9051
9050
9052
9053
9058
9054
9056
9057
9059
9055
9060
9063
9061
9062
9064
9065
9066
9072
9071
9070
9068
9067
9073
9069
9076
9075
9074
9078
9079
9080
9081
9083
9077
9084
9086
9087
9082
9088
9089
9090
9091
9085
9092
9093
9094
9096
9095
9097
9099
9102
9098
9103
9100
9101
9106
9104
9105
9108
9107
9111
9110
9109
9113
9114
9115
9112
9117
9118
9116
9119
9120
9122
9121
9123
9124
9127
9125
9128
9126
9129
9131
9132
9133
9130
9134
9138
9135
9137
9139
9140
9136
9142
9144
9143
9145
9146
9148
9147
9150
9149
9141
9151
9152
9154
9153
9155
9156
9158
9157
9159
9160
9161
9163
9165
9164
9166
9162
9168
9169
9167
9172
9173
9174
9170
9176
9171
9177
9178
9180
9179
9182
9184
9175
9181
9185
9183
9186
9188
9189
9187
9191
9190
9192
9194
9193
9195
9197
9198
9199
9196
9200
9201
9206
9204
9205
9207
9202
9209
9208
9203
9210
9213
9212
9215
9217
9211
9216
9214
9218
9219
9220
9222
9223
9224
9221
9225
9226
9227
9229
9228
9231
9232
9233
9238
9230
9235
9237
9240
9234
9241
9244
9242
9236
9243
9246
9239
9248
9245
9247
9250
9249
9252
9251
9253
9255
9254
9256
9258
9257
9259
9262
9264
9260
9263
9266
9261
9268
9267
9270
9269
9273
9265
9275
9271
9272
9276
9278
9274
9280
9279
9281
9277
9283
9282
9284
9285
9286
9287
9289
9288
9290
9291
9294
9292
9293
9295
9297
9299
9300
9301
9296
9302
9303
9298
9304
9305
9307
9306
9308
9310
9309
9311
9313
9312
9316
9317
9314
9315
9318
9319
9322
9324
9320
9325
9326
9328
9321
9330
9323
9329
9332
9331
9334
9327
9333
9335
9337
9336
9338
9341
9340
9342
9339
9344
9343
9345
9346
9347
9348
9349
9351
9353
9354
9352
9355
9356
9350
9358
9363
9359
9360
9361
9362
9365
9364
9357
9368
9370
9366
9367
9373
9374
9369
9375
9371
9372
9377
9378
9376
9379
9380
9381
9382
9383
9385
9384
9386
9387
9390
9388
9391
9389
9392
9394
9393
9397
9396
9395
9399
9400
9401
9402
9398
9403
9404
9406
9408
9405
9407
9409
9411
9410
9412
9413
9415
9414
9420
9419
9422
9416
9423
9424
9417
9425
9418
9428
9426
9429
9421
9427
9431
9430
9433
9434
9432
9436
9437
9435
9438
9439
9442
9440
9441
9445
9443
9446
9444
9448
9447
9449
9453
9451
9456
9455
9450
9458
9459
9460
9452
9454
9457
9461
9463
9462
9465
9464
9468
9469
9466
9467
9470
9472
9471
9473
9475
9474
9477
9476
9478
9479
9480
9481
9483
9485
9486
9484
9487
9488
9482
9489
9491
9490
9493
9494
9492
9495
9496
9498
9499
9500
9502
9497
9501
9503
9505
9504
9508
9507
9506
9509
9510
9511
9512
9514
9516
9518
9517
9513
9520
9519
9521
9522
9515
9523
9525
9527
9528
9524
9529
9526
9531
9530
9535
9533
9538
9534
9537
9532
9536
9539
9540
9541
9542
9544
9545
9546
9547
9551
9543
9548
9549
9552
9553
9550
9554
9556
9557
9559
9560
9561
9555
9558
9563
9562
9566
9565
9569
9567
9568
9564
9570
9571
9574
9573
9572
9575
9579
9580
9582
9581
9578
9576
9577
9584
9583
9585
9586
9589
9588
9587
9590
9591
9592
9593
9595
9596
9598
9597
9599
9600
9594
9601
9602
9605
9606
9604
9607
9609
9603
9610
9611
9612
9608
9613
9614
9615
9616
9618
9620
9619
9621
9617
9623
9622
9624
9627
9628
9625
9626
9630
9629
9631
9632
9634
9633
9635
9636
9638
9637
9639
9641
9640
9642
9643
9645
9644
9649
9646
9650
9651
9647
9648
9653
9654
9657
9658
9660
9652
9659
9655
9656
9662
9663
9665
9661
9664
9667
9668
9671
9672
9666
9673
9674
9670
9669
9675
9677
9679
9676
9680
9678
9683
9684
9686
9688
9682
9681
9690
9685
9694
9687
9691
9693
9689
9695
9692
9696
9698
9699
9702
9701
9703
9697
9705
9700
9704
9706
9707
9708
9709
9711
9713
9714
9716
9718
9710
9717
9712
9715
9719
9721
9720
9722
9723
9726
9725
9727
9724
9729
9728
9731
9732
9730
9733
9734
9737
9735
9738
9736
9740
9739
9741
9742
9743
9745
9746
9748
9752
9744
9753
9747
9754
9755
9749
9751
9757
9750
9758
9760
9756
9761
9759
9762
9763
9765
9766
9764
9768
9770
9767
9771
9769
9772
9775
9774
9773
9776
9777
9779
9782
9781
9784
9778
9786
9780
9788
9783
9787
9789
9790
9785
9793
9794
9792
9791
9796
9797
9798
9795
9800
9801
9799
9802
9803
9804
9805
9806
9808
9809
9810
9811
9807
9812
9813
9814
9815
9816
9817
9820
9818
9819
9821
9822
9824
9825
9826
9823
9828
9827
9831
9830
9832
9834
9833
9836
9829
9837
9838
9835
9841
9839
9840
9842
9844
9843
9849
9845
9850
9848
9846
9851
9847
9852
9853
9854
9855
9856
9857
9860
9859
9861
9858
9864
9862
9863
9865
9869
9867
9868
9870
9873
9866
9871
9872
9874
9875
9877
9879
9880
9881
9876
9878
9883
9884
9882
9885
9886
9887
9888
9889
9890
9891
9893
9892
9894
9895
9896
9898
9897
9899
9900
9901
9903
9904
9905
9906
9907
9902
9908
9911
9913
9912
9909
9910
9915
9914
9916
9918
9920
9921
9917
9923
9922
9924
9925
9919
9926
9927
9930
9929
9928
9932
9931
9934
9933
9937
9936
9938
9935
9940
9939
9943
9941
9942
9946
9947
9944
9945
9948
9949
9953
9955
9950
9957
9952
9956
9959
9958
9951
9954
9960
9961
9963
9965
9966
9962
9964
9967
9968
9970
9972
9971
9973
9975
9976
9969
9978
9977
9974
9980
9981
9982
9983
9984
9985
9979
9986
9988
9987
9989
9992
9990
9993
9991
9994
9996
9998
9999
10000
10001
9995
10004
9997
10006
10002
10005
10010
10013
10003
10009
10011
10007
10015
10014
10008
10016
10012
10017
10018
10025
10020
10021
10024
10019
10023
10033
10026
10032
10028
10027
10034
10029
10022
10036
10035
10031
10030
10037
10038
10041
10040
10042
10044
10045
10039
10047
10043
10048
10050
10051
10046
10053
10054
10049
10052
10056
10058
10059
10060
10061
10063
10055
10064
10065
10057
10062
10067
10066
10070
10072
10068
10074
10071
10075
10069
10076
10077
10073
10078
10079
10080
10081
10082
10083
10084
10085
10086
10089
10088
10091
10087
10093
10094
10095
10096
10090
10098
10097
10100
10101
10092
10099
10102
10104
10105
10106
10108
10110
10103
10111
10113
10107
10114
10109
10112
10116
10118
10119
10121
10115
10117
10120
10122
10123
10124
10128
10130
10125
10129
10131
10126
10132
10133
10127
10134
10136
10137
10139
10138
10140
10135
10143
10141
10144
10146
10147
10142
10148
10150
10151
10152
10145
10154
10149
10153
10155
10158
10159
10160
10157
10161
10156
10163
10165
10164
10166
10162
10167
10171
10168
10169
10170
10172
10173
10174
10175
10177
10176
10178
10179
10180
10184
10181
10182
10183
10185
10187
10186
10188
10189
10190
10192
10191
10194
10193
10195
10198
10196
10200
10199
10202
10203
10201
10197
10204
10205
10206
10207
10208
10212
10211
10214
10215
10210
10209
10216
10213
10218
10219
10220
10225
10217
10223
10224
10222
10226
10227
10221
10228
10229
10231
10232
10233
10236
10235
10230
10238
10234
10239
10237
10240
10241
10243
10246
10244
10245
10248
10247
10249
10242
10252
10251
10253
10254
10250
10256
10257
10258
10259
10255
10260
10262
10264
10261
10265
10263
10269
10270
10266
10267
10271
10268
10272
10276
10277
10278
10279
10280
10281
10273
10275
10284
10282
10283
10285
10274
10286
10287
10290
10289
10293
10291
10292
10288
10294
10295
10298
10297
10299
10300
10301
10302
10296
10303
10305
10306
10304
10308
10307
10309
10312
10310
10313
10317
10314
10311
10316
10315
10318
10321
10319
10320
10323
10324
10326
10327
10325
10322
10329
10330
10331
10333
10328
10334
10335
10332
10336
10337
10338
10339
10340
10342
10341
10343
10345
10346
10344
10352
10351
10347
10350
10353
10349
10356
10357
10355
10359
10348
10360
10354
10362
10361
10363
10358
10364
10365
10366
10367
10368
10369
10372
10373
10374
10375
10371
10376
10370
10379
10378
10381
10377
10382
10383
10385
10387
10384
10386
10388
10380
10391
10392
10394
10389
10390
10395
10396
10397
10393
10398
10400
10399
10401
10402
10404
10405
10403
10408
10407
10409
10411
10414
10406
10413
10410
10416
10417
10412
10418
10419
10415
10420
10423
10422
10424
10421
10426
10425
10427
10428
10429
10430
10431
10433
10432
10434
10436
10438
10435
10439
10437
10440
10442
10443
10446
10448
10441
10450
10451
10447
10449
10452
10453
10444
10456
10454
10455
10457
10458
10459
10460
10445
10461
10463
10464
10465
10467
10469
10468
10466
10472
10462
10473
10470
10471
10476
10477
10474
10479
10478
10475
10482
10481
10486
10483
10485
10488
10480
10491
10489
10484
10490
10487
10493
10494
10492
10495
10496
10498
10497
10499
10502
10500
10503
10504
10506
10501
10507
10508
10505
10510
10512
10514
10511
10509
10513
10515
10518
10516
10519
10517
10520
10522
10521
10524
10523
10526
10528
10525
10529
10531
10530
10527
10532
10535
10536
10537
10533
10539
10534
10538
10540
10541
10543
10545
10544
10548
10550
10542
10547
10546
10549
10552
10553
10551
10555
10557
10556
10554
10558
10559
10561
10563
10562
10560
10566
10565
10570
10571
10564
10573
10567
10574
10568
10569
10575
10576
10572
10577
10578
10579
10580
10582
10581
10583
10584
10585
10587
10586
10589
10588
10590
10592
10591
10593
10595
10596
10597
10598
10594
10599
10600
10601
10605
10604
10603
10606
10607
10602
10608
10609
10610
10611
10612
10613
10614
10615
10617
10616
10619
10620
10618
10622
10621
10624
10625
10623
10628
10631
10632
10626
10634
10629
10627
10635
10630
10633
10639
10637
10636
10638
10641
10642
10640
10643
10645
10644
10646
10649
10647
10648
10652
10651
10650
10653
10654
10655
10656
10657
10658
10659
10664
10661
10660
10662
10663
10667
10666
10668
10665
10670
10672
10671
10669
10673
10674
10676
10675
10677
10679
10681
10680
10682
10678
10684
10685
10683
10686
10687
10689
10691
10688
10692
10690
10693
10694
10695
10696
10697
10698
10699
10700
10702
10703
10704
10701
10706
10707
10705
10709
10708
10710
10711
10712
10715
10716
10717
10713
10718
10714
10722
10723
10719
10724
10721
10726
10725
10720
10729
10731
10730
10732
10733
10734
10727
10728
10736
10735
10737
10739
10741
10738
10740
10742
10743
10744
10747
10745
10746
10751
10752
10753
10754
10750
10749
10756
10755
10758
10760
10748
10761
10763
10764
10765
10762
10766
10767
10768
10759
10757
10770
10769
10772
10771
10774
10773
10775
10776
10778
10777
10779
10780
10781
10784
10782
10785
10786
10787
10788
10783
10789
10790
10791
10792
10795
10796
10797
10794
10793
10800
10801
10802
10798
10803
10799
10804
10805
10806
10809
10807
10808
10814
10811
10817
10815
10813
10812
10816
10819
10818
10810
10820
10822
10821
10824
10826
10823
10828
10825
10830
10829
10831
10832
10827
10833
10835
10836
10834
10838
10837
10841
10843
10846
10839
10845
10842
10847
10848
10840
10851
10844
10850
10849
10852
10853
10854
10857
10856
10861
10859
10860
10855
10862
10863
10864
10865
10866
10858
10867
10872
10871
10873
10874
10869
10875
10876
10870
10877
10868
10879
10880
10881
10878
10883
10882
10885
10886
10887
10888
10889
10890
10884
10892
10893
10896
10894
10891
10895
10897
10898
10901
10903
10905
10904
10900
10907
10909
10902
10906
10908
10911
10899
10912
10916
10918
10919
10920
10914
10917
10915
10923
10921
10910
10913
10925
10922
10924
10926
10927
10929
10930
10928
10932
10933
10934
10938
10936
10937
10939
10941
10935
10943
10942
10944
10931
10945
10940
10948
10946
10949
10947
10950
10951
10954
10953
10952
10958
10959
10960
10955
10963
10956
10962
10957
10964
10965
10966
10961
10969
10970
10971
10967
10973
10974
10972
10975
10968
10976
10977
10978
10980
10979
10981
10982
10983
10984
10985
10986
10988
10987
10989
10990
10991
10993
10994
10996
10995
10997
10999
11000
10998
10992
11001
11003
11004
11002
11006
11005
11009
11010
11008
11012
11011
11007
11013
11014
11015
11017
11018
11022
11019
11016
11021
11023
11024
11026
11028
11027
11030
11025
11020
11032
11034
11035
11031
11036
11033
11037
11039
11038
11041
11029
11042
11040
11043
11044
11048
11049
11050
11046
11045
11051
11052
11047
11055
11054
11056
11057
11058
11061
11053
11059
11060
11062
11064
11065
11066
11063
11067
11068
11070
11069
11071
11072
11073
11075
11074
11076
11077
11079
11080
11078
11081
11084
11085
11082
11086
11083
11087
11088
11089
11090
11091
11092
11093
11095
11096
11094
11098
11097
11099
11100
11101
11102
11104
11106
11108
11107
11103
11109
11105
11111
11112
11110
11115
11113
11114
11117
11116
11119
11121
11118
11123
11122
11125
11124
11126
11120
11127
11128
11129
11132
11130
11131
11134
11133
11135
11136
11137
11138
11140
11139
11141
11143
11144
11146
11145
11147
11142
11149
11150
11151
11148
11152
11153
11155
11154
11156
11157
11158
11160
11159
11162
11164
11165
11163
11161
11166
11167
11168
11170
11172
11169
11174
11175
11176
11171
11173
11177
11180
11179
11181
11182
11178
11185
11186
11183
11187
11188
11191
11184
11189
11192
11193
11195
11196
11190
11194
11197
11199
11201
11202
11205
11200
11203
11204
11206
11207
11198
11208
11209
11211
11212
11210
11215
11217
11213
11216
11218
11214
11222
11223
11224
11226
11220
11227
11219
11228
11225
11229
11230
11233
11221
11232
11234
11231
11235
11236
11238
11240
11241
11237
11242
11239
11243
11244
11246
11245
11247
11248
11250
11251
11252
11253
11262
11254
11255
11249
11263
11257
11264
11258
11265
11259
11260
11261
11256
11269
11266
11268
11267
11271
11272
11270
11274
11273
11276
11275
11277
11278
11280
11281
11279
11282
11285
11284
11283
11287
11286
11290
11293
11288
11289
11295
11292
11291
11297
11296
11300
11294
11299
11301
11304
11298
11305
11302
11306
11307
11303
11308
11309
11311
11315
11316
11317
11313
11319
11320
11314
11322
11318
11323
11324
11312
11327
11321
11328
11325
11329
11330
11331
11334
11333
11335
11332
11338
11337
11339
11340
11341
11342
11343
11344
11310
11336
11347
11345
11349
11346
11350
11352
11351
11353
11357
11354
11348
11355
11358
11356
11359
11360
11362
11361
11365
11364
11366
11363
11367
11368
11369
11373
11372
11374
11376
11370
11371
11378
11377
11326
11375
11380
11383
11384
11385
11379
11381
11386
11382
11388
11387
11389
11392
11391
11394
11395
11393
11397
11390
11396
11400
11399
11401
11398
11403
11405
11402
11406
11407
11410
11404
11411
11408
11412
11409
11415
11414
11417
11413
11418
11419
11421
11416
11423
11424
11422
11425
11426
11420
11427
11429
11430
11431
11428
11434
11432
11433
11437
11436
11435
11438
11439
11442
11441
11440
11444
11443
11446
11447
11448
11445
11449
11450
11453
11452
11454
11451
11458
11457
11461
11460
11455
11456
11462
11463
11465
11464
11466
11469
11471
11470
11473
11468
11475
11476
11477
11480
11481
11479
11483
11485
11489
11490
11492
11493
11491
11495
11496
11498
11459
11497
11499
11501
11500
11502
11503
11504
11505
11482
11508
11507
11511
11478
11472
11513
11515
11516
11518
11486
11506
11467
11521
11522
11523
11528
11529
11519
11533
11535
11536
11537
11484
11538
11539
11514
11488
11527
11487
11494
11524
11542
11512
11543
11532
11531
11545
11540
11544
11517
11548
11547
11549
11546
11510
11551
11552
11509
11553
11554
11525
11555
11559
11560
11561
11534
11565
11567
11568
11566
11569
11571
11550
11530
11570
11575
11574
11573
11474
11526
11557
11580
11520
11579
11578
11541
11584
11585
11582
11586
11583
11558
11590
11564
11587
11588
11591
11592
11556
11596
11595
11563
11594
11597
11593
11572
11576
11599
11601
11602
11604
11603
11606
11605
11589
11612
11611
11613
11610
11562
11609
11614
11616
11617
11619
11618
11622
11615
11620
11623
11598
11624
11625
11581
11577
11628
11627
11600
11626
11630
11608
11634
11633
11637
11636
11640
11642
11643
11644
11639
11645
11646
11641
11647
11648
11621
11649
11650
11651
11629
11653
11654
11631
11656
11652
11657
11658
11659
11655
11635
11661
11638
11660
11662
11664
11663
11607
11666
11668
11665
11669
11667
11670
11632
11672
11673
11671
11675
11674
11677
11676
11679
11678
11680
11683
11682
11681
11685
11687
11688
11689
11684
11686
11690
11693
11692
11697
11696
11695
11694
11699
11691
11700
11698
11701
11705
11704
11706
11703
11709
11711
11702
11710
11707
11712
11713
11708
11715
11716
11718
11719
11714
11720
11717
11723
11721
11724
11726
11727
11728
11722
11729
11725
11730
11732
11733
11731
11734
11735
11736
11737
11739
11740
11742
11743
11738
11744
11741
11745
11747
11749
11748
11746
11750
11751
11752
11753
11754
11755
11756
11758
11757
11760
11759
11762
11761
11763
11765
11769
11768
11766
11770
11771
11767
11772
11774
11775
11778
11779
11773
11776
11777
11781
11783
11785
11789
11782
11764
11780
11792
11786
11787
11794
11793
11790
11799
11800
11795
11804
11791
11806
11798
11803
11808
11809
11810
11801
11811
11802
11805
11813
11815
11812
11818
11814
11819
11817
11822
11821
11816
11823
11824
11820
11788
11828
11797
11807
11827
11831
11833
11835
11784
11825
11836
11832
11796
11834
11838
11837
11830
11829
11840
11842
11839
11846
11841
11849
11848
11843
11847
11845
11851
11853
11854
11855
11850
11856
11857
11858
11844
11863
11864
11865
11852
11862
11867
11859
11866
11860
11868
11869
11861
11870
11871
11872
11875
11881
11882
11879
11880
11873
11884
11874
11885
11886
11826
11887
11876
11877
11883
11878
11889
11888
11890
11891
11892
11893
11895
11896
11898
11897
11899
11900
11901
11902
11894
11904
11903
11906
11907
11908
11910
11905
11913
11909
11918
11920
11915
11923
11924
11912
11925
11916
11921
11922
11929
11928
11930
11931
11926
11927
11932
11934
11933
11935
11938
11914
11940
11939
11942
11937
11936
11943
11945
11944
11947
11946
11917
11919
11950
11941
11953
11954
11948
11949
11952
11955
11951
11956
11960
11959
11961
11911
11962
11958
11963
11957
11968
11969
11964
11971
11973
11974
11972
11975
11967
11965
11966
11976
11981
11977
11970
11983
11984
11987
11978
11979
11988
11982
11980
11986
11992
11990
11995
11999
11997
11991
11998
11994
11989
11993
12002
12003
12001
11996
12000
12007
12008
12005
12009
12010
12012
12004
12013
12011
12015
12016
12014
12017
12019
12020
12022
12018
12021
12023
12024
12025
12027
12028
12029
12026
12031
12033
12030
12032
12034
12035
12036
12037
12039
12040
11985
12042
12041
12038
12043
12044
12045
12048
12047
12046
12050
12051
12049
12052
12053
12056
12054
12057
12055
12058
12063
12061
12062
12066
12065
12067
12059
12060
12068
12064
12069
12071
12072
12073
12074
12070
12006
12076
12079
12077
12080
12078
12082
12075
12084
12081
12085
12083
12087
12088
12090
12086
12095
12092
12089
12096
12091
12097
12094
12093
12099
12098
12101
12102
12103
12100
12105
12107
12106
12108
12104
12110
12111
12113
12112
12114
12109
12115
12117
12118
12120
12119
12121
12116
12122
12123
12124
12125
12129
12128
12130
12126
12127
12131
12132
12133
12134
12135
12138
12139
12141
12136
12137
12142
12143
12144
12140
12145
12146
12150
12147
12151
12149
12153
12152
12148
12154
12155
12156
12157
12161
12160
12158
12162
12163
12159
12164
12166
12165
12167
12168
12170
12174
12169
12171
12172
12173
12176
12175
12181
12180
12182
12177
12185
12184
12178
12179
12183
12186
12188
12187
12191
12189
12190
12194
12193
12197
12200
12198
12196
12199
12192
12201
12202
12203
12204
12195
12205
12206
12207
12209
12208
12210
12214
12212
12211
12215
12213
12217
12218
12219
12222
12216
12223
12221
12220
12224
12226
12227
12225
12228
12230
12232
12234
12229
12231
12233
12236
12235
12237
12240
12239
12238
12241
12243
12242
12244
12246
12250
12248
12245
12251
12247
12249
12252
12253
12256
12258
12260
12261
12254
12255
12257
12263
12259
12262
12264
12266
12265
12269
12268
12270
12271
12272
12273
12267
12274
12277
12276
12278
12279
12275
12282
12281
12280
12283
12286
12287
12288
12284
12290
12292
12293
12289
12294
12295
12285
12291
12296
12297
12299
12302
12300
12301
12303
12298
12304
12306
12308
12307
12309
12305
12311
12310
12313
12314
12312
12317
12318
12320
12322
12316
12315
12321
12319
12323
12324
12325
12328
12326
12327
12329
12331
12330
12333
12332
12335
12334
12337
12336
12338
12340
12341
12339
12343
12344
12345
12346
12342
12348
12347
12349
12353
12350
12355
12356
12358
12357
12359
12360
12361
12354
12351
12362
12352
12363
12364
12366
12365
12369
12367
12368
12370
12372
12373
12374
12371
12375
12378
12377
12379
12380
12376
12381
12383
12384
12386
12385
12388
12387
12382
12389
12391
12390
12392
12393
12394
12395
12396
12397
12400
12399
12401
12403
12404
12402
12398
12405
12407
12408
12406
12409
12411
12412
12413
12414
12410
12415
12417
12418
12420
12419
12421
12416
12422
12424
12426
12423
12425
12427
12428
12429
12430
12431
12432
12435
12434
12436
12437
12433
12439
12438
12442
12441
12444
12445
12440
12446
12448
12447
12443
12449
12450
12451
12452
12454
12453
12456
12457
12458
12455
12460
12459
12462
12461
12463
12464
12466
12465
12467
12468
12469
12471
12470
12472
12474
12476
12475
12477
12473
12478
12480
12481
12479
12482
12483
12484
12485
12486
12488
12487
12489
12490
12491
12492
12493
12494
12495
12498
12496
12497
12499
12501
12500
12503
12502
12506
12505
12504
12509
12507
12512
12511
12513
12508
12510
12515
12516
12517
12518
12519
12514
12520
12521
12522
12523
12525
12526
12527
12528
12524
12532
12530
12531
12529
12533
12537
12538
12536
12539
12541
12540
12535
12534
12543
12544
12542
12545
12546
12549
12548
12551
12547
12553
12550
12552
12555
12554
12556
12557
12558
12559
12561
12560
12562
12563
12564
12565
12566
12571
12568
12570
12567
12572
12575
12574
12573
12569
12576
12577
12578
12579
12581
12580
12583
12582
12586
12588
12584
12589
12585
12587
12591
12590
12594
12593
12595
12596
12592
12597
12598
12599
12600
12601
12602
12604
12606
12603
12607
12609
12605
12608
12610
12611
12613
12614
12612
12617
12616
12618
12615
12619
12624
12621
12622
12626
12625
12620
12627
12628
12623
12630
12631
12633
12632
12629
12634
12635
12637
12636
12639
12638
12641
12640
12642
12643
12644
12646
12649
12648
12645
12647
12650
12652
12651
12654
12656
12657
12659
12653
12655
12660
12658
12661
12663
12664
12665
12666
12662
12669
12671
12667
12672
12668
12673
12670
12674
12675
12677
12676
12678
12681
12680
12679
12682
12683
12684
12686
12687
12689
12685
12693
12690
12692
12694
12688
12695
12696
12691
12698
12699
12700
12697
12701
12702
12703
12705
12704
12706
12707
12708
12711
12712
12710
12709
12715
12713
12714
12717
12716
12718
12720
12723
12721
12724
12726
12725
12719
12722
12728
12727
12729
12731
12730
12733
12732
12734
12735
12737
12736
12738
12739
12740
12742
12741
12743
12744
12745
12746
12747
12749
12748
12750
12753
12752
12755
12751
12756
12754
12757
12761
12758
12760
12759
12763
12764
12762
12765
12767
12766
12768
12769
12770
12772
12771
12773
12777
12774
12776
12778
12779
12775
12780
12781
12783
12784
12785
12786
12782
12787
12791
12790
12792
12788
12789
12793
12795
12794
12797
12796
12798
12801
12799
12800
12802
12803
12804
12805
12807
12808
12806
12810
12812
12809
12814
12813
12811
12815
12816
12819
12817
12820
12821
12818
12825
12823
12824
12826
12827
12822
12828
12829
12830
12831
12832
12833
12836
12834
12835
12838
12837
12839
12841
12840
12842
12844
12846
12845
12848
12849
12847
12843
12850
12853
12852
12855
12856
12851
12854
12858
12860
12857
12861
12862
12863
12864
12865
12868
12859
12866
12867
12869
12872
12873
12875
12871
12877
12870
12878
12879
12876
12874
12880
12881
12884
12883
12885
12882
12886
12887
12890
12888
12889
12891
12892
12893
12896
12895
12897
12898
12899
12894
12901
12905
12902
12904
12900
12903
12908
12909
12906
12910
12907
12911
12913
12914
12915
12917
12912
12918
12916
12920
12919
12921
12923
12922
12924
12926
12929
12927
12928
12925
12930
12931
12934
12932
12933
12936
12939
12937
12938
12940
12935
12941
12942
12943
12944
12945
12948
12946
12947
12950
12951
12949
12953
12954
12955
12952
12957
12956
12959
12958
12961
12962
12963
12960
12964
12969
12965
12970
12968
12966
12967
12971
12973
12972
12974
12975
12976
12978
12979
12977
12980
12983
12981
12985
12982
12986
12987
12984
12988
12989
12990
12994
12993
12995
12991
12997
12992
12996
13000
12999
13001
13003
13002
12998
13006
13004
13005
13007
13008
13009
13010
13011
13014
13015
13012
13013
13017
13018
13020
13016
13019
13021
13023
13025
13022
13024
13026
13027
13028
13029
13030
13032
13033
13035
13031
13036
13037
13040
13039
13034
13038
13041
13042
13043
13044
13046
13047
13045
13049
13050
13052
13051
13048
13056
13057
13054
13059
13055
13061
13053
13058
13060
13062
13065
13066
13064
13068
13063
13071
13067
13070
13069
13072
13073
13074
13076
13077
13078
13075
13079
13081
13084
13086
13085
13083
13080
13082
13087
13090
13091
13093
13094
13095
13088
13089
13092
13096
13099
13101
13097
13098
13103
13102
13100
13106
13105
13104
13107
13109
13110
13113
13108
13112
13115
13111
13118
13117
13114
13119
13116
13121
13123
13124
13125
13120
13122
13126
13127
13129
13128
13130
13131
13133
13134
13136
13132
13135
13138
13137
13139
13141
13140
13142
13143
13144
13145
13146
13147
13148
13150
13151
13153
13152
13154
13149
13156
13155
13157
13158
13161
13160
13162
13159
13164
13163
13166
13168
13167
13165
13169
13170
13171
13173
13175
13172
13176
13178
13180
13174
13179
13177
13183
13181
13182
13185
13186
13187
13189
13184
13190
13191
13188
13192
13193
13195
13198
13196
13197
13194
13200
13202
13199
13203
13204
13201
13207
13206
13208
13209
13211
13210
13205
13213
13214
13215
13216
13212
13219
13217
13218
13220
13221
13222
13223
13224
13225
13226
13227
13228
13229
13230
13232
13231
13233
13234
13238
13236
13240
13241
13237
13235
13239
13242
13243
13244
13245
13250
13247
13248
13249
13251
13252
13246
13253
13254
13256
13257
13258
13259
13255
13262
13263
13260
13264
13261
13265
13267
13269
13270
13266
13271
13273
13274
13268
13275
13277
13272
13276
13278
13279
13281
13280
13283
13284
13282
13285
13288
13287
13289
13290
13286
13291
13293
13292
13295
13294
13296
13297
13298
13301
13300
13303
13302
13304
13307
13299
13310
13305
13306
13311
13309
13308
13313
13314
13312
13316
13315
13318
13321
13317
13322
13324
13319
13325
13320
13323
13326
13327
13330
13331
13328
13334
13329
13335
13332
13336
13333
13339
13340
13337
13341
13338
13342
13343
13344
13346
13347
13349
13345
13348
13350
13351
13352
13353
13356
13354
13355
13357
13359
13358
13361
13363
13360
13362
13364
13366
13365
13367
13368
13372
13370
13371
13374
13373
13369
13375
13376
13377
13378
13381
13380
13382
13383
13384
13379
13386
13388
13385
13389
13387
13390
13391
13393
13394
13395
13398
13396
13392
13397
13400
13399
13401
13402
13403
13404
13405
13408
13406
13407
13410
13409
13412
13413
13411
13414
13415
13416
13417
13418
13419
13421
13420
13424
13425
13428
13426
13427
13429
13432
13430
13423
13422
13431
13434
13433
13436
13438
13435
13440
13439
13443
13441
13437
13444
13442
13445
13446
13447
13448
13449
13450
13451
13452
13453
13454
13455
13456
13457
13458
13459
13460
13462
13463
13464
13461
13465
13466
13467
13469
13471
13470
13472
13468
13475
13474
13476
13478
13477
13473
13481
13480
13482
13483
13479
13484
13488
13487
13489
13490
13493
13485
13486
13492
13491
13494
13496
13497
13499
13500
13495
13498
13501
13503
13504
13505
13506
13502
13508
13507
13509
13510
13511
13512
13514
13515
13516
13513
13520
13521
13522
13517
13524
13523
13518
13519
13528
13529
13525
13526
13527
13530
13532
13531
13534
13535
13536
13537
13538
13533
13539
13540
13541
13544
13542
13543
13545
13547
13553
13546
13552
13549
13548
13554
13550
13551
13555
13556
13557
13558
13559
13562
13560
13561
13563
13565
13564
13566
13568
13569
13570
13571
13567
13572
13574
13573
13575
13576
13578
13577
13579
13580
13581
13584
13582
13586
13587
13588
13583
13590
13589
13585
13591
13592
13596
13594
13595
13597
13593
13599
13598
13603
13601
13604
13600
13602
13606
13605
13607
13609
13610
13611
13614
13612
13608
13613
13616
13617
13620
13621
13615
13622
13619
13618
13625
13627
13626
13623
13624
13628
13629
13630
13631
13632
13633
13635
13636
13634
13638
13637
13642
13641
13643
13639
13640
13645
13644
13646
13647
13650
13651
13652
13653
13655
13654
13648
13649
13656
13657
13658
13659
13660
13661
13662
13663
13666
13665
13668
13667
13664
13669
13671
13670
13672
13674
13673
13675
13676
13677
13678
13679
13681
13680
13682
13686
13684
13683
13685
13687
13689
13688
13690
13692
13691
13693
13694
13695
13696
13698
13700
13699
13697
13701
13704
13705
13707
13703
13706
13708
13702
13709
13710
13711
13712
13713
13714
13716
13715
13717
13719
13718
13720
13722
13721
13723
13726
13724
13727
13729
13731
13725
13728
13730
13733
13734
13735
13739
13737
13732
13740
13745
13741
13736
13738
13743
13742
13746
13748
13744
13747
13752
13749
13751
13750
13753
13754
13756
13757
13758
13759
13760
13755
13761
13763
13762
13764
13767
13765
13768
13766
13769
13773
13770
13772
13775
13778
13777
13781
13771
13782
13774
13779
13776
13780
13784
13783
13786
13785
13788
13789
13790
13791
13787
13792
13795
13794
13796
13793
13797
13801
13800
13802
13798
13799
13804
13806
13803
13807
13808
13811
13809
13812
13805
13810
13813
13815
13814
13816
13818
13819
13820
13817
13822
13821
13824
13825
13827
13828
13823
13829
13832
13830
13826
13833
13831
13834
13835
13836
13837
13838
13839
13841
13840
13843
13842
13844
13846
13847
13848
13849
13845
13851
13853
13852
13850
13855
13854
13856
13857
13858
13860
13859
13862
13864
13866
13865
13868
13861
13867
13869
13863
13871
13870
13872
13873
13874
13875
13877
13876
13878
13879
13880
13881
13884
13885
13882
13883
13886
13887
13888
13890
13889
13891
13892
13895
13893
13896
13897
13898
13899
13901
13894
13902
13904
13900
13905
13908
13906
13907
13903
13909
13910
13911
13912
13914
13913
13915
13918
13916
13920
13917
13921
13919
13922
13923
13924
13925
13926
13929
13928
13927
13931
13930
13932
13934
13937
13938
13939
13933
13940
13935
13936
13941
13944
13945
13942
13943
13947
13946
13948
13950
13953
13952
13949
13955
13956
13958
13957
13951
13959
13961
13960
13954
13963
13962
13965
13964
13966
13967
13969
13968
13970
13971
13973
13972
13976
13974
13975
13979
13980
13977
13978
13984
13982
13985
13986
13987
13988
13981
13989
13983
13992
13993
13990
13991
13994
13995
13996
13997
13999
13998
14000
14002
14001
14003
14006
14004
14007
14010
14009
14008
14005
14011
14014
14012
14015
14013
14019
14020
14016
14021
14022
14017
14018
14023
14026
14025
14027
14029
14028
14024
14030
14032
14033
14031
14035
14034
14036
14037
14038
14041
14040
14042
14043
14044
14045
14039
14047
14048
14051
14050
14053
14046
14049
14054
14055
14052
14056
14059
14057
14060
14058
14061
14063
14064
14066
14065
14062
14067
14068
14069
14071
14072
14074
14075
14070
14076
14077
14073
14078
14079
14080
14081
14084
14087
14085
14083
14086
14089
14082
14088
14090
14091
14092
14093
14097
14096
14099
14095
14094
14100
14102
14101
14098
14103
14106
14105
14107
14108
14104
14109
14111
14110
14112
14116
14114
14118
14113
14119
14115
14120
14121
14117
14122
14123
14124
14125
14126
14127
14129
14130
14132
14131
14128
14135
14137
14134
14138
14136
14139
14133
14141
14142
14140
14144
14145
14146
14143
14147
14149
14151
14148
14150
14153
14155
14154
14152
14156
14157
14158
14160
14161
14162
14159
14164
14163
14166
14168
14167
14169
14170
14171
14173
14165
14176
14177
14175
14172
14174
14179
14180
14181
14178
14182
14183
14184
14185
14187
14186
14188
14189
14190
14191
14193
14192
14194
14196
14195
14199
14197
14198
14201
14202
14200
14203
14205
14206
14208
14209
14204
14211
14207
14210
14214
14216
14218
14217
14213
14212
14215
14220
14221
14222
14223
14224
14225
14226
14229
14228
14227
14232
14231
14233
14235
14219
14230
14236
14238
14237
14234
14240
14239
14241
14242
14244
14243
14245
14248
14246
14251
14250
14253
14254
14249
14247
14256
14252
14257
14258
14259
14255
14261
14262
14263
14260
14266
14265
14267
14264
14269
14268
14270
14271
14272
14274
14276
14273
14277
14275
14278
14279
14280
14281
14282
14284
14283
14285
14288
14289
14290
14286
14287
14291
14292
14293
14297
14298
14296
14295
14294
14301
14300
14302
14303
14299
14304
14305
14306
14307
14310
14308
14309
14312
14313
14311
14317
14314
14319
14315
14320
14316
14321
14322
14323
14318
14324
14325
14326
14327
14328
14329
14332
14330
14331
14333
14336
14334
14337
14338
14341
14335
14340
14342
14343
14344
14345
14346
14348
14350
14349
14352
14347
14351
14339
14356
14357
14358
14353
14354
14355
14360
14362
14363
14359
14364
14365
14361
14366
14368
14370
14371
14367
14369
14372
14374
14373
14376
14375
14378
14377
14379
14380
14382
14381
14384
14386
14387
14389
14385
14383
14391
14392
14388
14390
14394
14395
14396
14393
14397
14399
14400
14401
14398
14403
14407
14406
14404
14402
14405
14409
14410
14408
14411
14412
14413
14415
14416
14414
14417
14418
14419
14420
14423
14422
14424
14426
14421
14427
14425
14430
14429
14428
14433
14434
14435
14438
14437
14432
14431
14440
14436
14441
14439
14443
14442
14444
14446
14448
14447
14449
14450
14445
14453
14451
14452
14454
14455
14456
14458
14457
14459
14460
14463
14464
14461
14462
14465
14467
14468
14470
14466
14472
14471
14473
14469
14474
14475
14477
14478
14479
14476
14482
14481
14484
14485
14480
14483
14487
14486
14489
14488
14490
14491
14493
14492
14495
14494
14497
14499
14496
14500
14498
14502
14503
14505
14501
14508
14506
14509
14510
14504
14511
14507
14513
14514
14515
14512
14517
14516
14519
14520
14518
14521
14522
14524
14523
14525
14526
14528
14529
14530
14532
14533
14531
14527
14534
14539
14536
14538
14537
14535
14541
14543
14542
14540
14544
14545
14546
14548
14549
14550
14551
14552
14553
14547
14555
14554
14556
14558
14559
14560
14563
14557
14564
14566
14561
14565
14567
14562
14570
14568
14571
14569
14572
14573
14574
14576
14575
14578
14579
14577
14582
14581
14580
14584
14585
14583
14588
14586
14589
14590
14587
14591
14592
14595
14597
14596
14598
14599
14600
14601
14602
14603
14594
14593
14605
14604
14607
14609
14611
14612
14614
14613
14606
14608
14615
14610
14616
14617
14621
14618
14620
14619
14622
14625
14627
14629
14623
14630
14631
14624
14634
14632
14635
14626
14628
14633
14636
14638
14637
14642
14641
14643
14644
14640
14645
14639
14647
14648
14646
14650
14652
14649
14655
14653
14654
14656
14658
14659
14657
14651
14660
14661
14664
14662
14665
14666
14663
14668
14669
14670
14671
14667
14672
14673
14675
14674
14676
14679
14677
14680
14681
14678
14683
14682
14684
14687
14685
14688
14689
14690
14694
14686
14695
14691
14696
14692
14693
14699
14697
14702
14704
14698
14705
14701
14700
14703
14707
14708
14706
14710
14713
14709
14714
14711
14712
14716
14717
14719
14718
14720
14715
14722
14725
14724
14723
14728
14721
14727
14726
14729
14730
14732
14731
14734
14733
14736
14737
14738
14735
14740
14743
14739
14741
14744
14742
14745
14748
14746
14747
14751
14754
14752
14755
14749
14750
14753
14756
14757
14758
14759
14761
14763
14764
14765
14762
14766
14767
14768
14771
14769
14772
14770
14760
14775
14776
14777
14773
14778
14774
14780
14785
14779
14781
14784
14782
14783
14786
14787
14788
14789
14790
14794
14791
14792
14796
14793
14798
14799
14800
14797
14795
14801
14802
14803
14804
14806
14807
14808
14811
14805
14810
14809
14812
14814
14815
14816
14817
14818
14819
14813
14821
14822
14824
14823
14825
14820
14828
14826
14829
14830
14832
14833
14827
14831
14834
14836
14838
14835
14839
14840
14837
14842
14841
14845
14846
14843
14848
14844
14849
14850
14851
14847
14854
14853
14852
14856
14857
14858
14860
14859
14861
14855
14862
14863
14864
14865
14867
14868
14869
14871
14872
14866
14873
14874
14870
14876
14875
14877
14879
14878
14880
14882
14883
14881
14885
14886
14889
14890
14891
14884
14887
14893
14888
14894
14895
14892
14896
14897
14898
14901
14900
14902
14904
14903
14899
14906
14905
14907
14909
14910
14911
14908
14913
14914
14915
14912
14917
14919
14916
14920
14923
14922
14918
14926
14921
14924
14925
14928
14930
14929
14932
14931
14927
14934
14935
14933
14937
14940
14939
14936
14941
14938
14942
14943
14945
14947
14949
14944
14948
14946
14950
14952
14951
14953
14954
14956
14955
14958
14957
14960
14959
14961
14962
14964
14963
14965
14966
14969
14967
14968
14971
14970
14972
14973
14974
14975
14976
14978
14980
14979
14982
14984
14977
14985
14983
14986
14987
14988
14989
14981
14991
14990
14992
14993
14995
14994
14996
14998
14997
15001
14999
15002
15000
15004
15003
15006
15005
15008
15009
15011
15010
15012
15007
15013
15014
15015
15016
15018
15019
15017
15021
15023
15020
15024
15025
15022
15026
15028
15027
15029
15032
15030
15034
15035
15031
15033
15036
15037
15038
15039
15041
15044
15042
15040
15047
15046
15048
15050
15043
15051
15049
15052
15045
15055
15053
15056
15054
15057
15058
15059
15060
15063
15062
15066
15061
15070
15067
15069
15065
15071
15072
15073
15068
15074
15064
15075
15079
15080
15082
15076
15081
15078
15077
15084
15085
15086
15087
15088
15083
15089
15090
15091
15093
15094
15095
15096
15099
15098
15092
15100
15101
15102
15103
15104
15105
15097
15106
15107
15110
15109
15108
15113
15111
15114
15116
15117
15112
15118
15115
15120
15121
15119
15122
15123
15125
15126
15124
15128
15129
15130
15127
15133
15134
15132
15135
15136
15131
15141
15140
15142
15139
15138
15144
15137
15146
15145
15143
15148
15149
15147
15151
15153
15150
15152
15154
15155
15156
15157
15158
15159
15161
15160
15162
15163
15165
15167
15166
15164
15169
15172
15170
15171
15168
15174
15173
15175
15177
15179
15176
15178
15180
15181
15183
15184
15185
15186
15187
15182
15188
15189
15190
15191
15192
15194
15195
15196
15197
15193
15200
15198
15199
15203
15201
15204
15205
15206
15207
15202
15209
15210
15208
15212
15211
15213
15214
15216
15217
15218
15219
15215
15220
15221
15222
15223
15224
15226
15227
15229
15230
15232
15225
15233
15228
15234
15237
15231
15239
15238
15236
15241
15242
15235
15243
15240
15244
15245
15246
15247
15248
15249
15250
15251
15254
15255
15256
15252
15253
15257
15260
15259
15262
15264
15263
15265
15258
15261
15266
15267
15268
15269
15270
15272
15271
15274
15277
15273
15278
15280
15279
15276
15275
15282
15281
15283
15284
15286
15285
15287
15289
15288
15290
15292
15293
15294
15291
15296
15297
15295
15299
15302
15301
15300
15298
15303
15307
15309
15308
15311
15304
15305
15312
15306
15313
15310
15316
15317
15319
15314
15315
15323
15320
15318
15321
15322
15325
15324
15326
15327
15328
15330
15332
15329
15331
15333
15335
15336
15337
15339
15340
15341
15342
15334
15338
15345
15344
15347
15349
15343
15346
15352
15348
15355
15350
15351
15353
15358
15357
15354
15356
15359
15360
15361
15362
15364
15366
15365
15363
15368
15370
15369
15372
15374
15367
15373
15375
15376
15371
15378
15379
15377
15383
15382
15381
15384
15385
15380
15386
15387
15389
15390
15388
15392
15391
15395
15393
15397
15396
15394
15398
15399
15400
15401
15404
15403
15405
15406
15402
15409
15407
15411
15412
15408
15413
15414
15410
15417
15416
15418
15421
15420
15415
15419
15422
15424
15426
15428
15423
15429
15431
15425
15432
15427
15433
15434
15430
15436
15437
15435
15439
15438
15440
15442
15441
15443
15444
15445
15446
15448
15450
15451
15447
15449
15452
15453
15454
15455
15456
15457
15458
15460
15461
15462
15459
15470
15464
15463
15468
15467
15471
15465
15472
15466
15469
15474
15473
15476
15475
15477
15478
15480
15481
15482
15479
15487
15486
15488
15483
15489
15484
15490
15485
15491
15492
15493
15494
15495
15497
15500
15501
15502
15496
15503
15505
15498
15506
15499
15507
15508
15504
15509
15512
15510
15513
15516
15514
15511
15517
15519
15521
15520
15515
15518
15522
15524
15525
15526
15523
15527
15528
15529
15530
15533
15531
15532
15534
15536
15535
15537
15539
15538
15542
15541
15540
15544
15546
15547
15549
15552
15545
15550
15551
15543
15548
15553
15554
15560
15555
15558
15557
15556
15559
15561
15562
15564
15566
15567
15563
15568
15565
15570
15571
15572
15569
15574
15575
15573
15580
15578
15581
15583
15576
15584
15577
15579
15587
15585
15582
15586
15589
15591
15593
15592
15594
15588
15590
15595
15596
15597
15598
15599
15601
15602
15603
15600
15604
15606
15605
15608
15607
15611
15610
15612
15609
15613
15615
15614
15616
15618
15620
15619
15617
15623
15621
15622
15625
15626
15624
15628
15627
15629
15630
15632
15633
15631
15636
15635
15637
15638
15639
15634
15640
15641
15642
15643
15644
15646
15647
15648
15649
15645
15650
15654
15655
15651
15652
15653
15656
15657
15658
15659
15661
15660
15663
15664
15665
15662
15666
15667
15669
15671
15670
15673
15676
15672
15668
15675
15678
15680
15674
15683
15679
15677
15681
15686
15685
15682
15684
15688
15687
15690
15691
15689
15692
15693
15694
15696
15695
15697
15700
15701
15703
15704
15702
15705
15698
15699
15707
15708
15709
15710
15711
15706
15715
15713
15714
15716
15712
15717
15718
15719
15720
15721
15723
15722
15725
15724
15726
15727
15728
15730
15731
15729
15732
15734
15733
15735
15737
15738
15739
15740
15741
15736
15744
15743
15745
15746
15747
15742
15750
15748
15752
15753
15754
15749
15755
15751
15756
15757
15758
15759
15762
15760
15763
15767
15761
15764
15766
15768
15769
15765
15770
15771
15772
15773
15774
15777
15775
15779
15776
15778
15780
15782
15781
15783
15784
15787
15786
15785
15789
15788
15790
15792
15795
15794
15797
15796
15791
15799
15798
15793
15800
15802
15801
15803
15804
15806
15807
15808
15809
15805
15810
15811
15812
15815
15817
15814
15816
15813
15820
15818
15821
15822
15823
15826
15819
15827
15828
15824
15825
15833
15834
15830
15831
15832
15829
15835
15836
15837
15838
15840
15842
15839
15841
15843
15844
15846
15845
15847
15848
15850
15851
15849
15854
15853
15855
15856
15852
15858
15859
15863
15861
15857
15860
15862
15864
15865
15867
15868
15869
15866
15870
15872
15876
15875
15871
15873
15878
15879
15877
15874
15885
15881
15882
15880
15886
15888
15883
15884
15891
15892
15894
15895
15893
15887
15889
15896
15890
15897
15899
15898
15901
15900
15903
15904
15906
15905
15902
15908
15910
15909
15912
15913
15911
15907
15915
15916
15917
15919
15922
15914
15924
15923
15918
15926
15925
15920
15921
15928
15927
15929
15931
15930
15932
15933
15936
15934
15935
15938
15940
15941
15943
15937
15944
15939
15945
15942
15946
15948
15949
15951
15952
15955
15947
15954
15953
15956
15957
15958
15950
15960
15959
15961
15962
15963
15964
15965
15966
15968
15969
15970
15971
15967
15973
15972
15976
15974
15975
15978
15977
15980
15981
15983
15985
15979
15984
15986
15988
15982
15989
15990
15987
15991
15992
15995
15993
15994
15997
15998
15996
15999
16000
16001
16003
16005
16006
16008
16002
16004
16009
16010
16007
16011
16012
16013
16015
16014
16017
16020
16021
16016
16018
16022
16019
16025
16024
16026
16023
16029
16028
16030
16031
16033
16027
16034
16032
16035
16038
16036
16037
16040
16039
16041
16042
16046
16044
16045
16043
16047
16050
16049
16051
16052
16053
16048
16054
16055
16057
16058
16060
16056
16062
16063
16059
16064
16067
16061
16066
16068
16069
16070
16071
16065
16073
16072
16075
16074
16076
16078
16079
16080
16081
16077
16082
16083
16084
16085
16086
16090
16091
16087
16088
16093
16094
16089
16095
16096
16092
16098
16099
16097
16102
16103
16105
16100
16101
16106
16104
16107
16111
16110
16112
16108
16109
16115
16113
16114
16116
16118
16117
16120
16124
16122
16125
16126
16119
16127
16121
16128
16130
16123
16131
16129
16133
16132
16134
16135
16136
16138
16139
16140
16137
16144
16143
16141
16146
16142
16147
16148
16145
16149
16150
16152
16151
16153
16156
16154
16157
16159
16161
16160
16162
16155
16158
16163
16164
16165
16166
16167
16168
16169
16170
16171
16175
16174
16176
16177
16172
16178
16173
16180
16181
16179
16185
16184
16187
16189
16182
16183
16190
16191
16186
16194
16195
16196
16193
16188
16197
16192
16200
16198
16201
16199
16202
16203
16204
16206
16205
16207
16208
16209
16210
16212
16214
16213
16211
16216
16215
16217
16218
16219
16222
16223
16220
16224
16221
16225
16227
16228
16226
16229
16230
16232
16233
16236
16235
16231
16237
16234
16238
16241
16239
16240
16242
16243
16245
16244
16247
16248
16250
16246
16254
16251
16255
16252
16256
16249
16257
16253
16260
16259
16258
16261
16262
16263
16264
16266
16268
16265
16270
16269
16267
16271
16273
16275
16272
16276
16274
16281
16278
16279
16280
16283
16284
16277
16286
16287
16282
16285
16289
16291
16292
16288
16290
16294
16293
16295
16296
16299
16298
16297
16301
16300
16302
16303
16304
16305
16306
16307
16308
16310
16313
16309
16312
16311
16315
16314
16318
16317
16316
16320
16322
16324
16325
16319
16326
16321
16323
16327
16329
16331
16333
16332
16328
16334
16330
16336
16335
16339
16341
16340
16342
16343
16344
16337
16338
16345
16347
16346
16348
16350
16351
16353
16349
16354
16356
16357
16352
16358
16355
16361
16362
16360
16364
16363
16359
16365
16367
16370
16372
16369
16366
16371
16373
16374
16368
16377
16376
16375
16379
16380
16378
16381
16382
16385
16384
16386
16383
16387
16390
16389
16391
16392
16395
16388
16393
16396
16399
16398
16394
16401
16404
16397
16400
16403
16402
16406
16407
16409
16405
16408
16410
16412
16411
16413
16415
16414
16416
16417
16418
16421
16420
16419
16422
16423
16424
16425
16426
16428
16429
16432
16430
16427
16431
16433
16436
16434
16435
16439
16440
16442
16437
16438
16443
16441
16446
16448
16444
16447
16445
16449
16451
16452
16454
16450
16455
16453
16457
16459
16460
16462
16461
16458
16456
16463
16465
16467
16468
16469
16466
16464
16470
16473
16471
16472
16474
16475
16477
16476
16479
16481
16478
16482
16484
16480
16486
16483
16485
16488
16487
16489
16491
16492
16493
16490
16495
16496
16500
16494
16498
16502
16497
16503
16506
16505
16501
16507
16508
16499
16504
16509
16510
16512
16513
16514
16511
16515
16516
16517
16518
16519
16521
16520
16522
16523
16526
16525
16530
16529
16527
16531
16524
16532
16528
16536
16533
16534
16535
16538
16539
16540
16537
16541
16542
16544
16545
16548
16547
16543
16549
16546
16552
16553
16550
16551
16556
16554
16555
16558
16557
16560
16559
16561
16562
16566
16563
16565
16567
16564
16569
16568
16570
16571
16572
16573
16575
16577
16578
16576
16574
16579
16581
16583
16582
16580
16584
16585
16588
16589
16586
16590
16591
16587
16594
16596
16595
16597
16593
16598
16599
16592
16601
16602
16603
16600
16604
16609
16606
16605
16608
16610
16607
16611
16613
16612
16614
16615
16616
16618
16620
16619
16617
16622
16623
16624
16621
16626
16628
16627
16625
16631
16630
16633
16634
16632
16629
16637
16636
16635
16638
16641
16640
16642
16639
16644
16643
16647
16649
16648
16645
16646
16650
16651
16653
16652
16654
16656
16655
16660
16659
16658
16663
16661
16657
16662
16664
16665
16668
16666
16670
16667
16669
16671
16673
16674
16675
16676
16677
16672
16678
16680
16681
16682
16683
16679
16684
16686
16687
16688
16689
16685
16691
16690
16694
16696
16693
16692
16697
16699
16698
16695
16700
16701
16702
16704
16703
16706
16707
16705
16708
16709
16710
16712
16711
16713
16714
16716
16715
16717
16718
16720
16721
16719
16724
16725
16726
16722
16728
16723
16727
16730
16729
16732
16731
16736
16733
16737
16739
16734
16740
16738
16735
16741
16743
16744
16742
16747
16745
16749
16750
16746
16752
16748
16751
16755
16754
16753
16756
16757
16758
16759
16761
16762
16760
16764
16765
16766
16763
16769
16768
16771
16767
16772
16773
16770
16774
16776
16777
16778
16775
16779
16780
16781
16784
16782
16785
16783
16789
16787
16786
16788
16791
16790
16793
16795
16794
16792
16797
16799
16796
16801
16798
16802
16800
16805
16806
16803
16807
16808
16809
16804
16810
16812
16811
16814
16815
16816
16817
16813
16818
16821
16822
16819
16820
16823
16824
16825
16826
16828
16832
16830
16827
16831
16833
16835
16829
16836
16834
16837
16838
16840
16843
16839
16841
16842
16844
16845
16846
16847
16848
16849
16851
16850
16852
16854
16856
16855
16853
16857
16858
16861
16860
16863
16862
16859
16866
16867
16865
16868
16869
16864
16871
16872
16874
16870
16876
16875
16873
16879
16878
16877
16880
16882
16883
16881
16885
16886
16884
16887
16889
16888
16890
16892
16891
16894
16895
16896
16898
16893
16899
16897
16900
16901
16902
16903
16904
16905
16906
16908
16907
16909
16910
16911
16912
16913
16915
16916
16919
16918
16914
16920
16917
16921
16922
16924
16923
16925
16926
16928
16929
16930
16927
16932
16931
16936
16937
16933
16938
16935
16934
16939
16940
16942
16941
16943
16945
16946
16947
16944
16949
16950
16948
16952
16954
16956
16955
16958
16959
16957
16961
16962
16963
16960
16951
16965
16964
16966
16953
16967
16968
16970
16971
16973
16969
16972
16975
16976
16978
16977
16974
16979
16980
16981
16982
16985
16983
16986
16987
16984
16988
16990
16991
16992
16994
16993
16995
16989
16996
16997
16998
17000
16999
17002
17001
17003
17004
17007
17005
17006
17008
17009
17010
17011
17012
17013
17014
17016
17015
17018
17017
17020
17021
17023
17022
17024
17019
17025
17027
17028
17029
17031
17030
17026
17033
17034
17035
17036
17037
17039
17032
17040
17042
17038
17041
17044
17046
17043
17045
17048
17049
17047
17050
17053
17052
17055
17054
17056
17057
17051
17058
17060
17061
17059
17062
17063
17065
17064
17066
17067
17071
17068
17069
17074
17070
17073
17072
17076
17078
17079
17075
17077
17080
17081
17082
17083
17087
17084
17085
17086
17088
17090
17089
17091
17094
17095
17096
17092
17093
17100
17101
17102
17097
17103
17105
17104
17098
17106
17107
17108
17099
17109
17110
17112
17111
17113
17116
17114
17115
17117
17119
17121
17120
17122
17118
17123
17124
17126
17131
17132
17133
17135
17125
17136
17127
17138
17134
17139
17128
17130
17141
17137
17140
17142
17143
17129
17145
17144
17146
17147
17148
17149
17150
17151
17153
17154
17152
17156
17158
17160
17162
17163
17164
17161
17166
17165
17167
17169
17171
17159
17172
17155
17173
17168
17170
17174
17157
17175
17176
17178
17179
17180
17182
17177
17181
17183
17184
17186
17185
17187
17189
17188
17190
17193
17191
17197
17198
17199
17200
17194
17195
17192
17201
17196
17202
17204
17206
17203
17207
17208
17205
17209
17210
17211
17214
17215
17212
17216
17213
17217
17218
17220
17219
17223
17221
17222
17225
17226
17230
17224
17228
17229
17232
17227
17233
17234
17236
17237
17231
17239
17238
17240
17235
17245
17246
17241
17243
17244
17242
17249
17248
17250
17247
17252
17251
17253
17254
17256
17257
17258
17255
17262
17259
17263
17265
17264
17261
17267
17260
17268
17270
17272
17271
17269
17275
17266
17276
17273
17274
17280
17279
17281
17284
17277
17286
17278
17282
17287
17283
17285
17288
17289
17291
17295
17290
17296
17292
17297
17294
17293
17300
17301
17302
17304
17303
17305
17306
17307
17299
17298
17310
17308
17311
17313
17309
17315
17316
17318
17312
17317
17320
17321
17314
17319
17322
17323
17324
17325
17326
17328
17329
17331
17330
17327
17332
17333
17334
17335
17336
17337
17338
17339
17341
17342
17343
17340
17344
17345
17347
17346
17348
17350
17351
17352
17349
17355
17354
17353
17357
17359
17358
17360
17356
17362
17363
17366
17361
17364
17367
17365
17368
17369
17371
17372
17370
17374
17373
17377
17376
17378
17379
17375
17381
17382
17380
17386
17385
17388
17383
17384
17387
17389
17391
17392
17393
17394
17390
17395
17397
17398
17399
17401
17400
17402
17404
17396
17405
17406
17403
17407
17409
17410
17408
17412
17411
17413
17415
17414
17418
17419
17417
17420
17421
17423
17416
17422
17424
17425
17426
17427
17431
17428
17430
17429
17433
17432
17434
17436
17438
17435
17439
17437
17440
17441
17444
17443
17448
17449
17442
17451
17445
17447
17446
17453
17450
17452
17455
17456
17457
17454
17458
17460
17459
17462
17461
17463
17464
17465
17466
17467
17468
17469
17470
17471
17472
17473
17475
17476
17477
17474
17479
17482
17480
17481
17484
17483
17485
17486
17478
17487
17488
17489
17492
17490
17491
17493
17495
17494
17496
17498
17497
17499
17500
17501
17502
17503
17504
17505
17506
17508
17507
17511
17512
17513
17515
17516
17509
17510
17518
17520
17519
17514
17522
17517
17525
17524
17526
17521
17527
17523
17528
17529
17530
17531
17532
17534
17535
17536
17533
17539
17541
17540
17537
17544
17545
17538
17548
17549
17547
17550
17543
17551
17546
17542
17553
17552
17555
17554
17556
17557
17558
17560
17559
17562
17564
17563
17565
17561
17566
17567
17568
17571
17572
17573
17569
17575
17570
17578
17581
17580
17579
17582
17584
17574
17576
17577
17586
17587
17583
17588
17585
17591
17589
17592
17590
17595
17596
17593
17594
17597
17598
17600
17601
17604
17603
17599
17607
17606
17609
17602
17614
17611
17612
17608
17605
17613
17616
17610
17617
17618
17615
17620
17621
17623
17619
17622
17625
17627
17626
17624
17629
17628
17630
17632
17633
17634
17631
17635
17637
17636
17641
17639
17638
17640
17644
17642
17645
17643
17647
17646
17648
17649
17651
17650
17652
17654
17653
17655
17656
17658
17659
17660
17661
17657
17665
17664
17667
17666
17668
17662
17672
17673
17663
17674
17677
17671
17676
17669
17679
17675
17678
17670
17681
17680
17682
17683
17684
17688
17685
17686
17687
17689
17690
17691
17693
17694
17695
17696
17697
17692
17698
17700
17701
17702
17703
17705
17699
17706
17708
17707
17709
17704
17710
17713
17714
17711
17712
17715
17717
17716
17718
17720
17719
17721
17723
17722
17724
17727
17728
17729
17731
17730
17725
17732
17734
17733
17736
17735
17737
17739
17726
17738
17740
17742
17744
17741
17747
17746
17748
17743
17745
17751
17753
17756
17749
17757
17758
17760
17763
17752
17750
17765
17764
17755
17768
17769
17754
17759
17762
17772
17773
17761
17767
17766
17771
17774
17770
17775
17776
17778
17780
17779
17777
17783
17785
17787
17788
17782
17789
17790
17784
17792
17793
17781
17794
17798
17799
17800
17801
17797
17804
17786
17802
17796
17795
17803
17791
17806
17808
17805
17812
17807
17815
17813
17814
17810
17818
17809
17819
17816
17820
17822
17821
17823
17824
17825
17811
17827
17828
17831
17826
17817
17830
17829
17835
17833
17832
17834
17839
17840
17841
17843
17842
17845
17844
17837
17846
17836
17848
17850
17851
17849
17838
17852
17847
17853
17855
17857
17858
17860
17856
17861
17859
17862
17854
17863
17865
17864
17866
17869
17871
17872
17868
17875
17870
17874
17881
17878
17873
17879
17884
17886
17885
17887
17882
17890
17883
17892
17877
17880
17888
17894
17893
17889
17896
17895
17899
17897
17901
17903
17900
17905
17907
17908
17902
17898
17906
17912
17916
17917
17914
17915
17918
17911
17910
17923
17924
17922
17913
17920
17926
17919
17925
17931
17927
17933
17928
17929
17936
17934
17932
17937
17930
17943
17938
17942
17945
17940
17949
17944
17939
17947
17941
17950
17952
17955
17958
17957
17953
17954
17951
17956
17960
17961
17959
17965
17964
17968
17970
17969
17966
17967
17971
17975
17972
17973
17974
17978
17980
17982
17976
17984
17979
17981
17988
17987
17983
17986
17989
17990
17994
17985
17995
17992
17993
17998
17997
17996
18000
18001
18002
18003
18004
18005
18006
18008
18009
18011
18010
18012
18014
18015
18016
18017
18013
18020
18021
18018
18022
18024
18025
18026
18027
18023
18028
18029
18032
18030
18033
18034
18035
18036
18038
18040
18043
18039
18044
18045
18042
18046
18047
18041
18049
18048
18051
18052
18053
18057
18058
18059
18054
18055
18056
18061
18062
18063
18064
18065
18067
18066
18069
18070
18074
18073
18072
18071
18075
18076
18077
18078
18079
18082
18081
18083
18085
18084
18086
18087
18088
18089
18090
18092
18093
18094
18095
18096
18097
18098
18099
18101
18102
18103
18104
18106
18105
18107
18108
18109
18111
18112
18113
18114
18115
18117
18116
18118
18119
18121
18124
18123
18122
18126
18125
18128
18127
18129
18130
18132
18133
18135
18134
18136
18137
18138
18139
18141
18142
18143
18144
18145
18146
18147
18148
18149
18151
18152
18153
18154
18155
18156
18157
18158
18159
